101,160376,1,0
101,160290,2,0
101,160292,3,0
101,160293,4,0
101,160294,5,0
101,160295,6,0
101,160296,7,0
101,160297,8,0
101,160312,9,0
101,160307,10,0
101,160306,11,0
101,160289,12,0
101,160288,13,0
101,160287,14,0
101,160285,15,0
101,160286,16,0
101,160274,17,0
101,160273,18,0
101,160304,19,0
101,160305,20,0
101,160281,21,0
101,160300,22,0
101,160340,23,0
101,160299,24,0
101,160314,25,0
101,160313,26,0
101,160026,27,0
101,160341,28,0
101,160301,29,0
200,160359,1,0
200,160013,2,0
200,160339,3,0
200,160338,4,0
200,160335,5,0
200,160324,6,0
200,160327,7,0
200,160328,8,0
200,160334,9,0
200,160332,10,0
200,160330,11,0
200,160365,12,0
200,160395,13,0
200,160322,14,0
200,160320,15,0
200,160316,16,0
200,160392,17,0
200,160515,18,0
200,160378,19,0
200,160351,20,0
200,160318,21,0
200,160326,22,0
200,160341,23,0
200,160301,24,0
200,160014,25,0
200,160376,26,1
201,160376,1,0
201,160284,2,0
201,160358,3,0
201,160350,4,0
201,160378,5,0
201,160342,6,0
201,160391,7,0
201,160315,8,0
201,160319,9,0
201,160321,10,0
201,160396,11,0
201,160329,12,0
201,160318,13,0
201,160326,14,0
201,160325,15,0
201,160323,16,0
201,160336,17,0
201,160337,18,0
201,160359,19,1
300,160311,1,0
300,160309,2,0
300,160308,3,0
300,160280,4,0
300,160302,5,0
300,160291,6,0
300,160376,7,1
300,160284,8,1
301,160376,1,0
301,160290,2,0
301,160292,3,0
301,160303,4,0
301,160279,5,0
301,160278,6,0
301,160277,7,0
301,160276,8,0
301,160275,9,0
301,160349,10,0
301,160368,11,0
301,160310,12,0
301,160311,13,0
301,160309,14,0
301,160308,15,0
301,160298,16,0
301,160293,17,0
301,160294,18,0
301,160295,19,0
301,160296,20,0
301,160297,21,1
400,160317,1,0
400,560005,2,0
400,160351,3,0
400,160376,4,1
401,160376,1,0
401,560082,2,0
401,160379,3,1
1000,160413,1,0
1000,160414,2,0
1000,160415,3,0
1000,160450,4,0
1000,160215,5,0
1000,160416,6,0
1000,160417,7,0
1000,160418,8,0
1000,160419,9,0
1000,160407,10,0
1000,160455,11,0
1000,160456,12,0
1000,160457,13,0
1000,160420,14,0
1000,160458,15,0
1000,160401,16,0
1000,160459,17,0
1000,160421,18,0
1000,160422,19,0
1000,160460,20,0
1000,160423,21,0
1000,160461,22,0
1000,160424,23,0
1000,160425,24,0
1000,160426,25,0
1000,160427,26,0
1000,160428,27,0
1000,160429,28,0
1000,160430,29,0
1000,160431,30,0
1000,160432,31,0
1000,160433,32,0
1000,160434,33,0
1000,160516,34,0
1000,160397,35,0
1000,160365,36,0
1000,160395,37,0
1000,160322,38,0
1000,160320,39,0
1000,160316,40,0
1000,160392,41,0
1000,160515,42,0
1000,160378,43,0
1000,160351,44,0
1000,160376,45,1
1001,160376,1,0
1001,160358,2,0
1001,160350,3,0
1001,160378,4,0
1001,160342,5,0
1001,160391,6,0
1001,160315,7,0
1001,160319,8,0
1001,160321,9,0
1001,160396,10,0
1001,160329,11,0
1001,160318,12,0
1001,160333,13,0
1001,160435,14,0
1001,160614,15,0
1001,160615,16,0
1001,160436,17,0
1001,160616,18,0
1001,160437,19,0
1001,160617,20,0
1001,160618,21,0
1001,160398,22,0
1001,160438,23,0
1001,160439,24,0
1001,160440,25,0
1001,160399,26,0
1001,160441,27,0
1001,160442,28,0
1001,160400,29,0
1001,160443,30,0
1001,160444,31,0
1001,160445,32,0
1001,560007,33,0
1001,160446,34,0
1001,160402,35,0
1001,160403,36,0
1001,160404,37,0
1001,160447,38,0
1001,160405,39,0
1001,160406,40,0
1001,160407,41,0
1001,160448,42,0
1001,160408,43,0
1001,160449,44,0
1001,160409,45,0
1001,160410,46,0
1001,160411,47,0
1001,160412,48,0
1001,160413,49,1
1400,160376,1,0
1400,160282,2,0
1400,160511,3,0
1400,160462,4,0
1400,560093,5,0
1400,560008,6,0
1400,560009,7,0
1400,560010,8,0
1400,560011,9,0
1400,560012,10,0
1400,560013,11,0
1400,560014,12,0
1400,160611,13,0
1500,160376,1,0
1500,160290,2,0
1500,160292,3,0
1500,160303,4,0
1500,560015,5,0
1500,160302,6,0
1500,160291,7,0
2000,160510,1,0
2000,160509,2,0
2000,160212,3,0
2000,160508,4,0
2000,160540,5,0
2000,160541,6,0
2000,160542,7,0
2000,160543,8,0
2000,160544,9,0
2000,160545,10,0
2000,160546,11,0
2000,160547,12,0
2000,160548,13,0
2000,160549,14,0
2000,160550,15,0
2000,160572,16,0
2000,160573,17,0
2000,160574,18,0
2000,160575,19,0
2000,560034,20,0
2000,160576,21,0
2000,160577,22,0
2000,160514,23,0
2000,160571,24,0
2000,160213,25,0
2000,160551,26,0
2000,160552,27,0
2000,160553,28,0
2000,160554,29,0
2000,160555,30,0
2000,160556,31,0
2000,160557,32,0
2000,160558,33,0
2000,560017,34,0
2000,160559,35,0
2000,160560,36,0
2000,160561,37,0
2000,160562,38,0
2000,160468,39,0
2000,160495,40,0
2000,160497,41,0
2000,160498,42,0
2000,560043,43,0
2000,160500,44,0
2000,160501,45,0
2000,560042,46,0
2000,160502,47,0
2000,160503,48,0
2000,160504,49,0
2000,560093,50,0
2000,160505,51,0
2000,160506,52,0
2000,160611,53,0
2000,160376,54,1
2001,160376,1,0
2001,160282,2,0
2001,160511,3,0
2001,160462,4,0
2001,160463,5,0
2001,560093,6,0
2001,160464,7,0
2001,560039,8,0
2001,160465,9,0
2001,560041,10,0
2001,560043,11,0
2001,160466,12,0
2001,160467,13,0
2001,160468,14,0
2001,160518,15,0
2001,160519,16,0
2001,160520,17,0
2001,160521,18,0
2001,160522,19,0
2001,160523,20,0
2001,160524,21,0
2001,160525,22,0
2001,160526,23,0
2001,160527,24,0
2001,160528,25,0
2001,160529,26,0
2001,160530,27,0
2001,160563,28,0
2001,160564,29,0
2001,160565,30,0
2001,160566,31,0
2001,160567,32,0
2001,160568,33,0
2001,160569,34,0
2001,160570,35,0
2001,560035,36,0
2001,160531,37,0
2001,160532,38,0
2001,160533,39,0
2001,160534,40,0
2001,160535,41,0
2001,160536,42,0
2001,160537,43,0
2001,160538,44,0
2001,160539,45,0
2001,160210,46,0
2001,160209,47,0
2001,160510,48,1
3100,160221,1,0
3100,160233,2,0
3100,160232,3,0
3100,160228,4,0
3100,160235,5,0
3100,160234,6,0
3100,160347,7,0
3100,160017,8,0
3100,160016,9,0
3100,160238,10,0
3100,160237,11,0
3100,160222,12,0
3100,160348,13,0
3100,160247,14,1
3101,160247,1,0
3101,160238,2,0
3101,160237,3,0
3101,160015,4,0
3101,160361,5,0
3101,160360,6,0
3101,160236,7,0
3101,160234,8,0
3101,160230,9,0
3101,160229,10,0
3101,160231,11,0
3101,160226,12,0
3101,160227,13,0
3101,160225,14,0
3101,160580,15,0
3101,560000,16,1
3101,160221,17,1
3200,160388,1,0
3200,160219,2,0
3200,160393,3,0
3200,160581,4,0
3200,160387,5,0
3200,160220,6,0
3200,160221,7,0
3200,160363,8,0
3200,160362,9,0
3200,160347,10,0
3200,160017,11,0
3200,160016,12,0
3200,160238,13,0
3200,160237,14,0
3200,160222,15,0
3200,160348,16,0
3200,160247,17,1
3201,160247,1,0
3201,160238,2,0
3201,160237,3,0
3201,160015,4,0
3201,160361,5,0
3201,160360,6,0
3201,160223,7,0
3201,160224,8,0
3201,160221,9,0
3201,160388,10,0
3201,160386,11,0
3201,160218,12,0
3201,160582,13,0
3201,160091,14,0
3201,160271,15,0
3201,160583,16,0
3201,160219,17,1
3300,160002,1,0
3300,160088,2,0
3300,160257,3,0
3300,160348,4,0
3300,160247,5,1
3301,160247,1,0
3301,160039,2,0
3301,160594,3,1
3301,160002,4,1
3400,160247,1,0
3400,160348,2,0
3400,160090,3,0
3400,160010,4,0
3400,160248,5,0
3400,160249,6,0
3400,160250,7,0
3400,160251,8,0
3400,160252,9,0
3400,160266,10,0
3400,160267,11,0
3400,160264,12,0
3400,160265,13,0
3400,160028,14,0
3400,160260,15,0
3400,160262,16,0
3400,160255,17,0
3400,160254,18,0
3400,160027,19,0
3400,160256,20,0
3400,160253,21,0
3400,160246,22,0
3400,160020,23,0
3400,160268,24,0
3400,160222,25,0
3601,160002,1,0
3601,160088,2,0
3601,160257,3,0
3601,160242,4,0
3601,160244,5,0
3601,160245,6,0
3601,160270,7,0
3601,160243,8,0
3601,160247,9,0
3601,160241,10,0
3601,160240,11,0
3601,160346,12,0
3601,160345,13,0
3601,160343,14,0
3601,160344,15,0
3601,160239,16,0
3601,160390,17,0
3601,160043,18,0
3601,160047,19,0
3601,160049,20,0
3601,160348,21,0
3800,160221,1,0
3800,160385,2,0
3800,560003,3,0
3800,160561,4,0
3800,160562,5,0
3800,160468,6,0
3800,160469,7,0
3800,160470,8,0
3800,160471,9,0
3800,160472,10,0
3800,160473,11,0
3800,160474,12,0
3800,160475,13,0
3800,160476,14,0
3800,160477,15,0
3800,160478,16,0
3800,160479,17,0
3800,160480,18,0
3800,160481,19,0
3800,160482,20,0
3800,160483,21,0
3800,160484,22,0
3800,160384,23,0
3800,160348,24,0
3800,160247,25,0
3800,160015,26,0
3800,160361,27,0
3800,160360,28,0
3800,160223,29,0
3800,160224,30,0
4101,160087,1,0
4101,160086,2,0
4101,160202,3,0
4101,160203,4,0
4101,160194,5,0
4101,160080,6,0
4101,160381,7,0
4101,160081,8,0
4101,160083,9,0
4101,160082,10,0
4101,160037,11,0
4101,160024,12,0
4101,160035,13,0
4101,160025,14,0
4101,160098,15,0
4200,160087,1,0
4200,160097,2,0
4200,160096,3,0
4200,160095,4,0
4200,160094,5,0
4200,160092,6,0
4200,160093,7,0
4200,160085,8,0
4200,160084,9,0
4300,160087,1,0
4300,160086,2,0
4300,160106,3,0
4300,160041,4,0
4300,160048,5,0
4300,160117,6,0
4300,160107,7,0
4300,160104,8,0
4300,160103,9,0
4300,160356,10,0
4300,160593,11,0
4300,160591,12,0
4300,160119,13,0
4300,160354,14,0
4300,160128,15,0
4300,160122,16,0
4300,160125,17,0
4300,160121,18,0
4300,160189,19,0
4300,160192,20,0
4300,160187,21,0
4300,160130,22,0
4300,160132,23,0
4300,160138,24,0
4300,160135,25,0
4300,160137,26,0
4300,160197,27,0
4300,160034,28,0
4300,160196,29,0
4300,160036,30,0
4300,160588,31,0
4300,160164,32,0
4300,160382,33,0
4300,160133,34,0
4300,160032,35,0
4300,160367,36,0
4300,160166,37,0
4300,160168,38,0
4300,160170,39,0
4300,160369,40,0
4300,160161,41,0
4300,160127,42,0
4300,160173,43,0
4300,160171,44,0
4300,160186,45,0
4300,160158,46,0
4300,160159,47,0
4300,160183,48,0
4300,160180,49,0
4300,160177,50,0
4300,160175,51,0
4300,160176,52,0
4300,160352,53,0
4300,160029,54,0
4300,160182,55,0
4300,160373,56,0
4300,160181,57,0
4300,160178,58,0
4300,160179,59,0
4300,160216,60,0
4300,160157,61,0
4300,160031,62,1
4301,160031,1,0
4301,160185,2,0
4301,160174,3,0
4301,160172,4,0
4301,160126,5,0
4301,160160,6,0
4301,160370,7,0
4301,160169,8,0
4301,160167,9,0
4301,160165,10,0
4301,160366,11,0
4301,160032,12,0
4301,160162,13,0
4301,160163,14,0
4301,160023,15,0
4301,160184,16,0
4301,160195,17,0
4301,160198,18,0
4301,160136,19,0
4301,160134,20,0
4301,160139,21,0
4301,160033,22,0
4301,160131,23,0
4301,160188,24,0
4301,160191,25,0
4301,160190,26,0
4301,160120,27,0
4301,160124,28,0
4301,160123,29,0
4301,160129,30,0
4301,160353,31,0
4301,160118,32,0
4301,160590,33,0
4301,160592,34,0
4301,160355,35,0
4301,160102,36,0
4301,160105,37,0
4301,160106,38,0
4301,160108,39,0
4301,160110,40,0
4301,160111,41,0
4301,160148,42,1
4301,160589,43,0
4301,160586,44,0
4301,160041,45,0
4301,160048,46,0
4301,160117,47,0
4301,160107,48,0
4301,160098,49,0
4301,160087,50,1
4401,160087,1,0
4401,160086,2,0
4401,160106,3,0
4401,160041,4,0
4401,160048,5,0
4401,160042,6,0
4401,160117,7,0
4401,160108,8,0
4401,160110,9,0
4401,160111,10,0
4401,160148,11,0
4401,160150,12,0
4401,160152,13,0
4401,160153,14,0
4401,160154,15,0
4401,160151,16,0
4401,160149,17,0
4401,160147,18,0
4401,160112,19,0
4401,160109,20,0
4401,160107,21,0
4401,160098,22,0
4500,160030,1,0
4500,560140,2,0
4500,160012,3,0
4500,160087,4,0
4500,160086,5,0
4500,160587,6,0
4500,160140,7,0
4500,160045,8,0
4500,160200,9,0
4500,160201,10,0
4500,160199,11,0
4500,160025,12,0
4500,160098,13,0
4600,160057,1,0
4600,160205,2,0
4600,160050,3,0
4600,160054,4,0
4600,160053,5,0
4600,160052,6,0
4600,160056,7,0
4600,160058,8,0
4600,160061,9,0
4600,160067,10,0
4600,160066,11,0
4600,160064,12,0
4600,160021,13,0
4600,160040,14,0
4600,160156,15,0
4600,160193,16,0
4600,160072,17,0
4600,160073,18,0
4600,160070,19,0
4600,160045,20,0
4600,160077,21,0
4600,160076,22,0
4600,160204,23,0
4600,160078,24,0
4600,160079,25,0
4600,160200,26,0
4600,160201,27,0
4600,160199,28,0
4600,160025,29,0
4600,160098,30,0
4600,160087,31,0
4600,160086,32,0
4600,160106,33,0
4600,160041,34,1
4600,560140,35,1
4601,160087,1,0
4601,160086,2,0
4601,160202,3,0
4601,160203,4,0
4601,160077,5,0
4601,160076,6,0
4601,160204,7,0
4601,160078,8,0
4601,160079,9,0
4601,160046,10,0
4601,160075,11,0
4601,160074,12,0
4601,160071,13,0
4601,160156,14,0
4601,160193,15,0
4601,160044,16,0
4601,160062,17,0
4601,160063,18,0
4601,160065,19,0
4601,160068,20,0
4601,160060,21,0
4601,160059,22,0
4601,160057,23,0
4601,160056,24,0
4601,160055,25,0
4601,160051,26,0
4601,160205,27,1
5100,160207,1,0
5100,560050,2,0
5100,160206,3,0
5200,560142,1,0
5200,560058,2,0
5200,560055,3,0
5200,560053,4,0
5200,560051,5,0
5200,160206,6,0
5200,160207,7,1
5201,160207,1,0
5201,560052,2,0
5201,560054,3,0
5201,560056,4,0
5201,160613,5,0
5201,560143,6,1
5300,560038,1,0
5300,160585,2,0
5300,560066,3,0
5300,560062,4,0
5300,560060,5,0
5300,160206,6,0
5300,160207,7,1
5301,160207,1,0
5301,560059,2,0
5301,560061,3,0
5301,560065,4,0
5301,160584,5,0
5301,560038,6,1
5700,560021,1,0
5700,560022,2,0
5700,560026,3,0
5700,560023,4,0
5700,560024,5,0
5700,560025,6,0
5801,560021,1,0
5801,560022,2,0
5801,560069,3,0
5801,560068,4,0
5801,560048,5,0
5801,560067,6,0
5801,560088,7,0
7200,160507,1,0
7200,560047,2,0
7200,560015,3,0
7200,160302,4,0
7200,160291,5,0
7200,160376,6,0
7200,160350,7,0
7200,160378,8,1
7201,160378,1,0
7201,160351,2,0
7201,160376,3,0
7201,160290,4,0
7201,160292,5,0
7201,160303,6,0
7201,560015,7,0
7201,560046,8,0
7201,160507,9,1
7400,160378,1,0
7400,560027,2,0
7400,160511,3,0
7400,160462,4,0
7400,160463,5,0
7400,160464,6,0
7400,560039,7,0
7400,160465,8,0
7400,160466,9,0
7400,160467,10,0
7400,160468,11,0
7400,160518,12,0
7400,160519,13,0
7400,160520,14,0
7400,160521,15,0
7400,160522,16,0
7400,160523,17,0
7400,160524,18,0
7400,160525,19,0
7400,160526,20,0
7400,160527,21,0
7400,160528,22,0
7400,160529,23,0
7400,160530,24,0
7400,160531,25,0
7400,160532,26,0
7400,160533,27,0
7400,160534,28,0
7400,160535,29,0
7400,160536,30,0
7400,160537,31,0
7400,160538,32,0
7400,160539,33,0
7400,560142,34,0
7400,560058,35,0
7400,560055,36,0
7400,560053,37,0
7400,560051,38,0
7400,160206,39,0
7400,160207,40,1
7401,160207,1,0
7401,560052,2,0
7401,560054,3,0
7401,560056,4,0
7401,160613,5,0
7401,560143,6,0
7401,160540,7,0
7401,160541,8,0
7401,160542,9,0
7401,160543,10,0
7401,160544,11,0
7401,160545,12,0
7401,160546,13,0
7401,160547,14,0
7401,160548,15,0
7401,160549,16,0
7401,160550,17,0
7401,160213,18,0
7401,160551,19,0
7401,160552,20,0
7401,160553,21,0
7401,160554,22,0
7401,160555,23,0
7401,160556,24,0
7401,160557,25,0
7401,160558,26,0
7401,560017,27,0
7401,160559,28,0
7401,160560,29,0
7401,160561,30,0
7401,160562,31,0
7401,160468,32,0
7401,160495,33,0
7401,160497,34,0
7401,160498,35,0
7401,160500,36,0
7401,160501,37,0
7401,160502,38,0
7401,160503,39,0
7401,160504,40,0
7401,160505,41,0
7401,160506,42,0
7401,160611,43,0
7401,160376,44,0
7401,160350,45,0
7401,160378,46,1
7600,160313,1,0
7600,160376,2,0
7600,160350,3,0
7600,160378,4,0
7600,160342,5,0
7600,160318,6,0
7600,160333,7,0
7600,160435,8,0
7600,160614,9,0
7600,160615,10,0
7600,160436,11,0
7600,160616,12,0
7600,160437,13,0
7600,160617,14,0
7600,160618,15,0
7600,160399,16,0
7600,160441,17,0
7600,160442,18,0
7600,160400,19,0
7600,160443,20,0
7600,160444,21,0
7600,160445,22,0
7600,560007,23,0
7600,160446,24,0
7600,160402,25,0
7600,160403,26,0
7600,160404,27,0
7600,160447,28,0
7600,160405,29,0
7600,160406,30,0
7600,160448,31,0
7600,160408,32,0
7600,160449,33,0
7600,160409,34,0
7600,160410,35,0
7600,160411,36,0
7600,160412,37,0
7600,160413,38,0
7600,560073,39,0
7600,560037,40,0
7600,560071,41,0
7600,560021,42,1
7601,560021,1,0
7601,560070,2,0
7601,560036,3,0
7601,560072,4,0
7601,160413,5,0
7601,160414,6,0
7601,160415,7,0
7601,160450,8,0
7601,160215,9,0
7601,160416,10,0
7601,160417,11,0
7601,160418,12,0
7601,160419,13,0
7601,160455,14,0
7601,160456,15,0
7601,160457,16,0
7601,160420,17,0
7601,160459,18,0
7601,160421,19,0
7601,160422,20,0
7601,160460,21,0
7601,160425,22,0
7601,160426,23,0
7601,160427,24,0
7601,160428,25,0
7601,160429,26,0
7601,160430,27,0
7601,160431,28,0
7601,160432,29,0
7601,160433,30,0
7601,160434,31,0
7601,160516,32,0
7601,160378,33,0
7601,160351,34,0
7601,160376,35,0
7601,160299,36,0
7601,160314,37,0
7601,160313,38,1
9800,160087,1,0
9800,160086,2,0
9800,160106,3,0
9800,160041,4,0
9800,160048,5,0
9800,160042,6,0
9800,160117,7,0
9800,160107,8,0
9800,160587,9,0
9800,160383,10,0
9800,160364,11,0
9800,160000,12,0
9800,160003,13,0
9800,160005,14,0
9800,160007,15,0
9800,160269,16,0
9800,160260,17,0
9800,160262,18,0
9800,160258,19,0
9800,160018,20,0
9800,160011,21,0
9800,160009,22,0
9800,160247,23,0
9800,160039,24,0
9800,160594,25,1
9801,160594,1,0
9801,160088,2,0
9801,160257,3,0
9801,160348,4,0
9801,160247,5,0
9801,160090,6,0
9801,160010,7,0
9801,160019,8,0
9801,160259,9,0
9801,160263,10,0
9801,160261,11,0
9801,160269,12,0
9801,160008,13,0
9801,160006,14,0
9801,160004,15,0
9801,160001,16,0
9801,160394,17,0
9801,160383,18,0
9801,160025,19,0
9801,160098,20,0
9801,160087,21,1
9900,160002,1,0
9900,160088,2,0
9900,160257,3,0
9900,160214,4,0
9900,160485,5,0
9900,160486,6,0
9900,160487,7,0
9900,160488,8,0
9900,160489,9,0
9900,160490,10,0
9900,160491,11,0
9900,160492,12,0
9900,160493,13,0
9900,160494,14,0
9900,160468,15,0
9900,160495,16,0
9900,160497,17,0
9900,160498,18,0
9900,160500,19,0
9900,160501,20,0
9900,160502,21,0
9900,160503,22,0
9900,160504,23,0
9900,560093,24,0
9900,160505,25,0
9900,160506,26,0
9900,160611,27,0
9900,160376,28,1
9901,160376,1,0
9901,160282,2,0
9901,160511,3,0
9901,160462,4,0
9901,160463,5,0
9901,160464,6,0
9901,560039,7,0
9901,160465,8,0
9901,160466,9,0
9901,160467,10,0
9901,160468,11,0
9901,160469,12,0
9901,160470,13,0
9901,160471,14,0
9901,160472,15,0
9901,160473,16,0
9901,160474,17,0
9901,160475,18,0
9901,160476,19,0
9901,160477,20,0
9901,160478,21,0
9901,160479,22,0
9901,160480,23,0
9901,160481,24,0
9901,160482,25,0
9901,160483,26,0
9901,160484,27,0
9901,160384,28,0
9901,160002,29,1
