100,160297,1,0
100,160312,2,0
100,160307,3,0
100,160306,4,0
100,160289,5,0
100,160288,6,0
100,160287,7,0
100,160285,8,0
100,160286,9,0
100,160274,10,0
100,160273,11,0
100,160304,12,0
100,160305,13,0
100,160281,14,0
100,160300,15,0
100,160340,16,0
100,160299,17,0
100,160314,18,0
100,160313,19,0
100,160341,20,0
100,160301,21,0
100,160325,22,0
100,160323,23,0
100,160376,24,1
101,160376,1,0
101,160290,2,0
101,160292,3,0
101,160300,4,0
101,160293,5,0
101,160294,6,0
101,160295,7,0
101,160296,8,0
101,160297,9,1
200,160359,1,0
200,160013,2,0
200,160339,3,0
200,160338,4,0
200,160335,5,0
200,160324,6,0
200,160327,7,0
200,160328,8,0
200,160334,9,0
200,160332,10,0
200,160330,11,0
200,160365,12,0
200,160395,13,0
200,160322,14,0
200,160320,15,0
200,160316,16,0
200,160392,17,0
200,160318,18,0
200,160326,19,0
200,160341,20,0
200,160301,21,0
200,160014,22,0
200,160515,23,0
200,160378,24,0
200,160351,25,0
200,160376,26,1
201,160376,1,0
201,160358,2,0
201,160350,3,0
201,160378,4,0
201,160342,5,0
201,160318,6,0
201,160326,7,0
201,160325,8,0
201,160323,9,0
201,160391,10,0
201,160315,11,0
201,160319,12,0
201,160321,13,0
201,160396,14,0
201,160329,15,0
201,160336,16,0
201,160337,17,0
201,160359,18,1
300,160311,1,0
300,160309,2,0
300,160308,3,0
300,160280,4,0
300,160302,5,0
300,160291,6,0
300,160376,7,0
300,160293,8,0
300,160294,9,0
300,160295,10,0
300,160296,11,0
300,160297,12,1
301,160376,1,0
301,160290,2,0
301,160292,3,0
301,160303,4,0
301,160279,5,0
301,160278,6,0
301,160277,7,0
301,160276,8,0
301,160275,9,0
301,160349,10,0
301,160368,11,0
301,160310,12,0
301,160311,13,1
400,160317,1,0
400,560005,2,0
400,160376,3,1
401,160376,1,0
401,560082,2,0
401,160379,3,1
1000,160413,1,0
1000,160414,2,0
1000,160415,3,0
1000,160450,4,0
1000,160215,5,0
1000,160416,6,0
1000,160417,7,0
1000,160418,8,0
1000,160419,9,0
1000,160407,10,0
1000,160455,11,0
1000,160456,12,0
1000,160457,13,0
1000,160420,14,0
1000,160458,15,0
1000,160401,16,0
1000,160459,17,0
1000,160421,18,0
1000,160422,19,0
1000,160460,20,0
1000,160423,21,0
1000,160461,22,0
1000,160424,23,0
1000,160425,24,0
1000,160426,25,0
1000,160427,26,0
1000,160428,27,0
1000,160429,28,0
1000,160430,29,0
1000,160431,30,0
1000,160432,31,0
1000,160433,32,0
1000,160434,33,0
1000,160516,34,0
1000,160365,35,0
1000,160395,36,0
1000,160322,37,0
1000,160320,38,0
1000,160316,39,0
1000,160392,40,0
1000,160515,41,0
1000,160378,42,0
1000,160351,43,0
1000,160376,44,1
1001,160376,1,0
1001,160358,2,0
1001,160350,3,0
1001,160378,4,0
1001,160342,5,0
1001,160391,6,0
1001,160315,7,0
1001,160319,8,0
1001,160321,9,0
1001,160396,10,0
1001,160329,11,0
1001,160318,12,0
1001,160333,13,0
1001,160435,14,0
1001,160614,15,0
1001,160615,16,0
1001,160436,17,0
1001,160616,18,0
1001,160437,19,0
1001,160617,20,0
1001,160618,21,0
1001,160398,22,0
1001,160438,23,0
1001,160439,24,0
1001,160440,25,0
1001,160399,26,0
1001,160441,27,0
1001,160442,28,0
1001,160400,29,0
1001,160443,30,0
1001,160444,31,0
1001,160445,32,0
1001,560007,33,0
1001,160446,34,0
1001,160402,35,0
1001,160403,36,0
1001,160404,37,0
1001,160447,38,0
1001,160405,39,0
1001,160406,40,0
1001,160407,41,0
1001,160448,42,0
1001,160408,43,0
1001,160449,44,0
1001,160409,45,0
1001,160410,46,0
1001,160411,47,0
1001,160412,48,0
1001,160413,49,1
1400,560011,1,0
1400,560012,2,0
1400,560013,3,0
1400,560014,4,0
1400,160611,5,0
1400,160376,6,1
1401,160376,1,0
1401,160282,2,0
1401,160511,3,0
1401,160462,4,0
1401,560093,5,0
1401,560008,6,0
1401,560009,7,0
1401,560010,8,0
1401,560011,9,1
1500,560015,1,0
1500,160302,2,0
1500,160291,3,0
1500,160376,4,1
1501,160376,1,0
1501,160290,2,0
1501,160292,3,0
1501,160303,4,0
1501,560015,5,1
2000,160208,1,0
2000,160508,2,0
2000,160540,3,0
2000,160541,4,0
2000,160542,5,0
2000,160543,6,0
2000,160544,7,0
2000,160545,8,0
2000,160546,9,0
2000,160547,10,0
2000,160548,11,0
2000,160549,12,0
2000,160550,13,0
2000,560019,14,0
2000,160572,15,0
2000,160573,16,0
2000,160574,17,0
2000,160575,18,0
2000,560034,19,0
2000,160576,20,0
2000,160577,21,0
2000,160514,22,0
2000,160571,23,0
2000,160551,24,0
2000,160552,25,0
2000,160553,26,0
2000,160554,27,0
2000,160555,28,0
2000,160556,29,0
2000,160557,30,0
2000,160558,31,0
2000,560017,32,0
2000,160559,33,0
2000,160560,34,0
2000,160561,35,0
2000,160562,36,0
2000,160468,37,1
2001,160468,1,0
2001,160518,2,0
2001,160519,3,0
2001,160520,4,0
2001,160521,5,0
2001,160522,6,0
2001,160523,7,0
2001,160524,8,0
2001,160525,9,0
2001,160526,10,0
2001,160527,11,0
2001,160528,12,0
2001,160529,13,0
2001,160530,14,0
2001,160563,15,0
2001,160564,16,0
2001,160565,17,0
2001,160566,18,0
2001,160567,19,0
2001,160568,20,0
2001,160569,21,0
2001,160570,22,0
2001,160531,23,0
2001,160532,24,0
2001,160533,25,0
2001,160534,26,0
2001,160535,27,0
2001,160536,28,0
2001,160537,29,0
2001,160538,30,0
2001,160539,31,0
2001,160209,32,0
2001,160208,33,1
3100,160221,1,0
3100,160233,2,0
3100,160232,3,0
3100,160228,4,0
3100,160235,5,0
3100,160234,6,0
3100,160347,7,0
3100,160017,8,0
3100,160016,9,0
3100,160238,10,0
3100,160237,11,0
3100,160222,12,0
3100,160348,13,0
3100,160247,14,1
3101,160247,1,0
3101,160238,2,0
3101,160237,3,0
3101,160015,4,0
3101,160361,5,0
3101,160360,6,0
3101,160236,7,0
3101,160234,8,0
3101,160230,9,0
3101,160229,10,0
3101,160231,11,0
3101,160226,12,0
3101,160227,13,0
3101,160225,14,0
3101,160221,15,1
3200,160388,1,0
3200,160219,2,0
3200,160393,3,0
3200,160387,4,0
3200,160220,5,0
3200,160221,6,0
3200,160363,7,0
3200,160362,8,0
3200,160347,9,0
3200,160017,10,0
3200,160016,11,0
3200,160238,12,0
3200,160237,13,0
3200,160222,14,0
3200,160348,15,0
3200,160247,16,1
3201,160247,1,0
3201,160238,2,0
3201,160237,3,0
3201,160015,4,0
3201,160361,5,0
3201,160360,6,0
3201,160223,7,0
3201,160224,8,0
3201,160221,9,0
3201,160388,10,0
3201,160386,11,0
3201,160218,12,0
3201,160091,13,0
3201,160271,14,0
3201,160219,15,1
3300,160002,1,0
3300,160088,2,0
3300,160257,3,0
3300,160348,4,0
3300,160247,5,1
3301,160247,1,0
3301,160039,2,0
3301,160002,3,1
3400,160246,1,0
3400,160020,2,0
3400,160268,3,0
3400,160222,4,0
3400,160348,5,0
3400,160247,6,1
3401,160247,1,0
3401,160348,2,0
3401,160090,3,0
3401,160010,4,0
3401,160248,5,0
3401,160249,6,0
3401,160250,7,0
3401,160251,8,0
3401,160252,9,0
3401,160266,10,0
3401,160267,11,0
3401,160264,12,0
3401,160265,13,0
3401,160028,14,0
3401,160260,15,0
3401,160262,16,0
3401,160255,17,0
3401,160254,18,0
3401,160027,19,0
3401,160256,20,0
3401,160253,21,0
3401,160246,22,1
3600,160243,1,0
3600,160241,2,0
3600,160240,3,0
3600,160346,4,0
3600,160345,5,0
3600,160343,6,0
3600,160344,7,0
3600,160239,8,0
3600,160390,9,0
3600,160002,10,0
3600,160348,11,0
3600,160247,12,1
3601,160247,1,0
3601,160002,2,0
3601,160088,3,0
3601,160257,4,0
3601,160242,5,0
3601,160244,6,0
3601,160245,7,0
3601,160270,8,0
3601,160243,9,1
3800,160468,1,0
3800,160470,2,0
3800,160471,3,0
3800,160472,4,0
3800,160473,5,0
3800,160474,6,0
3800,160475,7,0
3800,160476,8,0
3800,160477,9,0
3800,160478,10,0
3800,160479,11,0
3800,160480,12,0
3800,160481,13,0
3800,160482,14,0
3800,160483,15,0
3800,160484,16,0
3800,160384,17,0
3800,160015,18,0
3800,160361,19,0
3800,160360,20,0
3800,160223,21,0
3800,160224,22,0
3800,160233,23,0
3800,160232,24,0
3800,160231,25,0
3800,160226,26,0
3800,160227,27,0
3800,160225,28,0
3800,160221,29,1
3801,160221,1,0
3801,160385,2,0
3801,560003,3,0
3801,160561,4,0
3801,160562,5,0
3801,160468,6,1
4100,160024,1,0
4100,160035,2,0
4100,160025,3,0
4100,160098,4,0
4100,160087,5,1
4101,160087,1,0
4101,160086,2,0
4101,160022,3,0
4101,160202,4,0
4101,160203,5,0
4101,160194,6,0
4101,160080,7,0
4101,160381,8,0
4101,160081,9,0
4101,160083,10,0
4101,160082,11,0
4101,160037,12,0
4101,160024,13,1
4200,160092,1,0
4200,160093,2,0
4200,160085,3,0
4200,160084,4,0
4200,160087,5,1
4201,160087,1,0
4201,160097,2,0
4201,160096,3,0
4201,160095,4,0
4201,160094,5,0
4201,160092,6,1
4300,160087,1,0
4300,160086,2,0
4300,160106,3,0
4300,160041,4,0
4300,160048,5,0
4300,160042,6,0
4300,160117,7,0
4300,160107,8,0
4300,160104,9,0
4300,160103,10,0
4300,160356,11,0
4300,160099,12,0
4300,160116,13,0
4300,160119,14,0
4300,160354,15,0
4300,160128,16,0
4300,160122,17,0
4300,160125,18,0
4300,160121,19,0
4300,160189,20,0
4300,160192,21,0
4300,160187,22,0
4300,160130,23,0
4300,160132,24,0
4300,160138,25,0
4300,160135,26,0
4300,160137,27,0
4300,160197,28,0
4300,160034,29,0
4300,160196,30,0
4300,160036,31,0
4300,160164,32,0
4300,160382,33,0
4300,160133,34,0
4300,160032,35,0
4300,160367,36,0
4300,160166,37,0
4300,160168,38,0
4300,160170,39,0
4300,160369,40,0
4300,160161,41,0
4300,160127,42,0
4300,160173,43,0
4300,160171,44,0
4300,160186,45,0
4300,160158,46,0
4300,160159,47,0
4300,160183,48,0
4300,160180,49,0
4300,160177,50,0
4300,160175,51,0
4300,160176,52,0
4300,160352,53,0
4300,160029,54,0
4300,160182,55,0
4300,160373,56,0
4300,160181,57,0
4300,160178,58,0
4300,160179,59,0
4300,160157,60,0
4300,160031,61,1
4301,160031,1,0
4301,160185,2,0
4301,160174,3,0
4301,160172,4,0
4301,160126,5,0
4301,160160,6,0
4301,160370,7,0
4301,160169,8,0
4301,160167,9,0
4301,160165,10,0
4301,160366,11,0
4301,160032,12,0
4301,160162,13,0
4301,160163,14,0
4301,160023,15,0
4301,160184,16,0
4301,160195,17,0
4301,160198,18,0
4301,160136,19,0
4301,160134,20,0
4301,160139,21,0
4301,160033,22,0
4301,160131,23,0
4301,160188,24,0
4301,160191,25,0
4301,160190,26,0
4301,160120,27,0
4301,160124,28,0
4301,160123,29,0
4301,160129,30,0
4301,160353,31,0
4301,160118,32,0
4301,160115,33,0
4301,160100,34,0
4301,160355,35,0
4301,160102,36,0
4301,160105,37,0
4301,160106,38,0
4301,160108,39,0
4301,160110,40,0
4301,160111,41,0
4301,160148,42,0
4301,160041,43,0
4301,160048,44,0
4301,160042,45,0
4301,160117,46,0
4301,160107,47,0
4301,160098,48,0
4301,160087,49,1
4400,160148,1,0
4400,160048,2,0
4400,160042,3,0
4400,160150,4,0
4400,160152,5,0
4400,160153,6,0
4400,160154,7,0
4400,160151,8,0
4400,160149,9,0
4400,160147,10,0
4400,160112,11,0
4400,160109,12,0
4400,160041,13,0
4400,160117,14,0
4400,160107,15,0
4400,160098,16,0
4400,160087,17,1
4401,160087,1,0
4401,160086,2,0
4401,160106,3,0
4401,160041,4,0
4401,160117,5,0
4401,160108,6,0
4401,160110,7,0
4401,160111,8,0
4401,160148,9,1
4500,160030,1,0
4500,560140,2,0
4500,160357,3,0
4500,160012,4,0
4500,160140,5,0
4500,160025,6,0
4500,160098,7,0
4500,160087,8,1
4501,160087,1,0
4501,160086,2,0
4501,160022,3,0
4501,560140,4,0
4501,160357,5,0
4501,160140,6,1
4600,160058,1,0
4600,160061,2,0
4600,160067,3,0
4600,160066,4,0
4600,160064,5,0
4600,160021,6,0
4600,160040,7,0
4600,160193,8,0
4600,160156,9,0
4600,160072,10,0
4600,160073,11,0
4600,160070,12,0
4600,160045,13,0
4600,160077,14,0
4600,160076,15,0
4600,160204,16,0
4600,160078,17,0
4600,160079,18,0
4600,160200,19,0
4600,160201,20,0
4600,160199,21,0
4600,160025,22,0
4600,160098,23,0
4600,160087,24,0
4600,160086,25,0
4600,160106,26,0
4600,160041,27,0
4600,560140,28,1
4601,160087,1,0
4601,160086,2,0
4601,160022,3,0
4601,160202,4,0
4601,160203,5,0
4601,160077,6,0
4601,160076,7,0
4601,160204,8,0
4601,160078,9,0
4601,160079,10,0
4601,160046,11,0
4601,160075,12,0
4601,160074,13,0
4601,160071,14,0
4601,160193,15,0
4601,160156,16,0
4601,160044,17,0
4601,160062,18,0
4601,160063,19,0
4601,160065,20,0
4601,160068,21,0
4601,160060,22,0
4601,160059,23,0
4601,160057,24,0
4601,160055,25,0
4601,160051,26,0
4601,160205,27,0
4601,160050,28,0
4601,160054,29,0
4601,160053,30,0
4601,160052,31,0
4601,160056,32,0
4601,160058,33,1
4800,160038,1,0
4800,160069,2,0
4800,160057,3,0
4800,160040,4,0
4800,160072,5,0
4800,160045,6,0
4800,160200,7,0
4800,160201,8,0
4800,160199,9,0
4800,160025,10,0
4800,160098,11,0
4800,160087,12,0
4800,160086,13,0
4800,160189,14,0
4800,160192,15,0
4800,160187,16,0
4800,160130,17,0
4800,160132,18,0
4800,160034,19,0
4800,160196,20,0
4800,160036,21,0
4800,160382,22,0
4800,160133,23,0
4800,160032,24,0
4800,160367,25,0
4800,160166,26,0
4800,160168,27,0
4800,560162,28,0
4800,160161,29,0
4800,160127,30,0
4800,160173,31,0
4800,160171,32,0
4800,160186,33,0
4800,160158,34,1
4801,160031,1,0
4801,160185,2,0
4801,160174,3,0
4801,160172,4,0
4801,160126,5,0
4801,160160,6,0
4801,160162,7,0
4801,160163,8,0
4801,160023,9,0
4801,160184,10,0
4801,160195,11,0
4801,160033,12,0
4801,160131,13,0
4801,160188,14,0
4801,160191,15,0
4801,160190,16,0
4801,160098,17,0
4801,160087,18,0
4801,160086,19,0
4801,160022,20,0
4801,160202,21,0
4801,160203,22,0
4801,160046,23,0
4801,160071,24,0
4801,160044,25,0
4801,160058,26,0
4801,160069,27,0
4801,160038,28,1
5100,160206,1,0
5100,160207,2,1
5101,160207,1,0
5101,560050,2,1
5200,560142,1,0
5200,560058,2,0
5200,560055,3,0
5200,560053,4,0
5200,560051,5,0
5200,160206,6,0
5200,160207,7,1
5201,160207,1,0
5201,560052,2,0
5201,560054,3,0
5201,560056,4,0
5201,560057,5,0
5201,560143,6,1
5300,560038,1,0
5300,560066,2,0
5300,560062,3,0
5300,560060,4,0
5300,160206,5,0
5300,160207,6,1
5301,160207,1,0
5301,560059,2,0
5301,560061,3,0
5301,560065,4,0
5301,560038,5,1
5700,560026,1,0
5700,560024,2,0
5700,560025,3,0
5700,560021,4,1
5701,560021,1,0
5701,560022,2,0
5701,560023,3,1
5800,560048,1,0
5800,560067,2,0
5800,560069,3,0
5800,560088,4,0
5800,560021,5,1
5801,560021,1,0
5801,560022,2,0
5801,560069,3,0
5801,560068,4,0
5801,560048,5,1
7200,160507,1,0
7200,560047,2,0
7200,560015,3,0
7200,160376,4,0
7200,160378,5,1
7201,160378,1,0
7201,160376,2,0
7201,560015,3,0
7201,560046,4,0
7201,160507,5,1
7400,160378,1,0
7400,160468,2,0
7400,160518,3,0
7400,160521,4,0
7400,160524,5,0
7400,160526,6,0
7400,160533,7,0
7400,560142,8,0
7400,560058,9,0
7400,560055,10,0
7400,560053,11,0
7400,560051,12,0
7400,160206,13,0
7400,160207,14,1
7401,160207,1,0
7401,560052,2,0
7401,560054,3,0
7401,560056,4,0
7401,560057,5,0
7401,560143,6,0
7401,160545,7,0
7401,560019,8,0
7401,160554,9,0
7401,560017,10,0
7401,160468,11,0
7401,160378,12,1
7600,160313,1,0
7600,160376,2,0
7600,160378,3,0
7600,160413,4,0
7600,560073,5,0
7600,560037,6,0
7600,560071,7,0
7600,560021,8,1
7601,560021,1,0
7601,560070,2,0
7601,560036,3,0
7601,560072,4,0
7601,160413,5,0
7601,160378,6,0
7601,160376,7,0
7601,160313,8,1
9800,160087,1,0
9800,160086,2,0
9800,160106,3,0
9800,160041,4,0
9800,160048,5,0
9800,160042,6,0
9800,160117,7,0
9800,160107,8,0
9800,160022,9,0
9800,160383,10,0
9800,160364,11,0
9800,160000,12,0
9800,160003,13,0
9800,160005,14,0
9800,160007,15,0
9800,560080,16,0
9800,160269,17,0
9800,160260,18,0
9800,160262,19,0
9800,160258,20,0
9800,160018,21,0
9800,160011,22,0
9800,160009,23,0
9800,160247,24,1
9801,160247,1,0
9801,160348,2,0
9801,160090,3,0
9801,160010,4,0
9801,160019,5,0
9801,160259,6,0
9801,160263,7,0
9801,160261,8,0
9801,160269,9,0
9801,560081,10,0
9801,160008,11,0
9801,160006,12,0
9801,160004,13,0
9801,160001,14,0
9801,160394,15,0
9801,560094,16,0
9801,160025,17,0
9801,160098,18,0
9801,160087,19,1
9900,160002,1,0
9900,160088,2,0
9900,160257,3,0
9900,160214,4,0
9900,160485,5,0
9900,160486,6,0
9900,160487,7,0
9900,160488,8,0
9900,160489,9,0
9900,160490,10,0
9900,160491,11,0
9900,160492,12,0
9900,160493,13,0
9900,160494,14,0
9900,160468,15,0
9900,160495,16,0
9900,160496,17,0
9900,160497,18,0
9900,160498,19,0
9900,560044,20,0
9900,160499,21,0
9900,160500,22,0
9900,160501,23,0
9900,560042,24,0
9900,160502,25,0
9900,160503,26,0
9900,160504,27,0
9900,560093,28,0
9900,560092,29,0
9900,160505,30,0
9900,160506,31,0
9900,160611,32,0
9900,160376,33,1
9901,160376,1,0
9901,160282,2,0
9901,160511,3,0
9901,160462,4,0
9901,160463,5,0
9901,560093,6,0
9901,160464,7,0
9901,560039,8,0
9901,160465,9,0
9901,560041,10,0
9901,560043,11,0
9901,160466,12,0
9901,160467,13,0
9901,160468,14,0
9901,160470,15,0
9901,160471,16,0
9901,160472,17,0
9901,160473,18,0
9901,160474,19,0
9901,160475,20,0
9901,160476,21,0
9901,160477,22,0
9901,160478,23,0
9901,160479,24,0
9901,160480,25,0
9901,160481,26,0
9901,160482,27,0
9901,160483,28,0
9901,160484,29,0
9901,160384,30,0
9901,160002,31,1
