100,'4623',1521,,1014,5,0,29 2 35 23,0
100,'5087',839,,1022,5,0,29,0,283,,1024,5,0,29 2 35 23,0,20,,1023,5,0,29,0,202,,1026,5,0,29,0,110,,1027,5,0,29,0,96,,1028,5,0,29,0,152,,1033,5,0,29,0,55,,1034,5,0,29,0,85,,1029,5,0,29,0
100,'5088',1521,,1036,5,0,29 2 35 23,0
100,'5274',1052,,1041,5,0,29,0
100,'5276',1052,,1043,5,0,29,0
100,'5284',1002,,1047,5,0,29,0,705,,1053,5,0,29,0
100,'5287',839,,1058,5,0,29,0,283,,1060,5,0,29 2 35 23,0,20,,1059,5,0,29,0,202,,1062,5,0,29,0,110,,1063,5,0,29,0,96,,1064,5,0,29,0,152,,1069,5,0,29,0,55,,1070,5,0,29,0,85,,1065,5,0,29,0
100,'5288',1521,,1072,5,0,29 2 35 23,0
100,'5291',1052,,1077,5,0,29,0
100,'5295',1052,,1079,5,0,29,0
100,'5298',1521,,1080,5,0,29 2 35 23,0
301,'4623',1929,,1153,19,0,28 29,0,115,,1154,19,0,28 29,0,114,,1155,19,0,28 29,0,145,,1156,19,0,28 29,0
301,'5087',634,,1161,19,0,28 29,0,102,,1160,19,0,28 29,0,69,,1157,19,0,28 29,0,110,,1172,19,0,28 29,0,40,,1163,19,0,28 29,0,348,,1166,19,0,28 29,0
301,'5088',1929,,1175,19,0,28 29,0,115,,1176,19,0,28 29,0,114,,1177,19,0,28 29,0
301,'5274',1025,,1178,19,0,28 29,0
301,'5276',1025,,1179,19,0,28 29,0
301,'5284',829,,1180,19,0,28 29,0,75,,1182,19,0,28 29,0,136,,1181,19,0,28 29,0,90,,1184,19,0,28 29,0,115,,1183,19,0,28 29,0,160,,1185,19,0,28 29,0,120,,1186,19,0,28 29,0,75,,1187,19,0,28 29,0,303,,1188,19,0,28 29,0
301,'5287',634,,1193,19,0,28 29,0,102,,1192,19,0,28 29,0,69,,1189,19,0,28 29,0,110,,1204,19,0,28 29,0,40,,1195,19,0,28 29,0,348,,1198,19,0,28 29,0
301,'5288',1929,,1207,19,0,28 29,0,115,,1208,19,0,28 29,0,114,,1209,19,0,28 29,0
301,'5291',1025,,1210,19,0,28 29,0
301,'5295',1025,,1211,19,0,28 29,0
301,'5298',1929,,1214,19,0,28 29,0,115,,1215,19,0,28 29,0,114,,1216,19,0,28 29,0,145,,1217,19,0,28 29,0
