4300,'5287',1511,,1500,5,,,0
4301,'5287',824,,1530,27,,,0
4401,'4623',1959,,1532,5,0,22 23 16,0
4401,'5087',704,,1533,5,0,21,0,13,,1533,22,,,0,17,,1544,5,0,21,0,13,,1544,22,,,0,67,,1535,5,0,21,0,15,,1535,22,,,0,171,,1536,5,0,22 23 16,0,122,,1537,5,0,21,0,13,,1537,22,,,0,73,,1543,5,0,22 23 16,0,192,,1534,5,0,21,0,13,,1534,22,,,0,97,,1540,5,0,21,0,16,,1540,22,,,0,174,,1538,5,0,22 23 16,0,17,,1539,5,0,21,0,13,,1539,22,,,0,75,,1542,5,0,21,0,13,,1542,22,,,0
4401,'5284',827,,1547,5,0,21,0,13,,1547,22,,,0,183,,1549,5,0,21,0,13,,1549,22,,,0,166,,1548,5,0,21,0,13,,1548,22,,,0,307,,1545,5,0,21,0,13,,1545,22,,,0,114,,1546,5,0,21,0,53,,1546,22,,,0
4401,'5287',704,,1550,5,0,21,0,13,,1550,22,,,0,17,,1561,5,0,21,0,13,,1561,22,,,0,67,,1552,5,0,21,0,15,,1552,22,,,0,171,,1553,5,0,22 23 16,0,122,,1554,5,0,21,0,13,,1554,22,,,0,73,,1560,5,0,22 23 16,0,192,,1551,5,0,21,0,13,,1551,22,,,0,97,,1557,5,0,21,0,16,,1557,22,,,0,174,,1555,5,0,22 23 16,0,17,,1556,5,0,21,0,13,,1556,22,,,0,75,,1559,5,0,21,0,13,,1559,22,,,0
4401,'5298',1959,,1562,5,0,22 23 16,0
9800,'5087',1515,,1710,5,0,7 8 2 9 2 10,0
9800,'5287',1515,,1721,5,0,7 8 2 9 2 10,0
9801,'5087',828,,1730,28,,,0
9801,'5287',828,,1745,28,,,0
24004301,'5287',800,,1826,19,,,0
