100,'4623',1525,,1014,11,,,0,406,,1015,4,,,0,115,,1016,4,,,0,154,,1017,4,,,0,105,,1018,4,,,0
100,'5087',636,,1021,4,,,0,103,,1020,4,,,0,70,,1019,4,,,0,34,,1022,11,,,0,76,,1035,4,,,0,39,,1031,4,,,0,167,,1024,11,,,0,20,,1023,11,,,0,161,,1025,4,,,0,42,,1026,11,,,0,110,,1027,11,,,0,96,,1028,11,,,0,152,,1033,11,,,0,94,,1034,11,,,0,45,,1029,11,,,0
100,'5088',1525,,1036,11,,,0,406,,1037,4,,,0,115,,1038,4,,,0,154,,1039,4,,,0
100,'5274',1028,,1040,4,,,0,27,,1041,11,,,0
100,'5276',1028,,1042,4,,,0,27,,1043,11,,,0
100,'5284',831,,1044,4,,,0,75,,1046,4,,,0,99,,1047,11,,,0,37,,1045,4,,,0,90,,1048,4,,,0,115,,1049,4,,,0,160,,1050,4,,,0,120,,1051,4,,,0,75,,1052,4,,,0,108,,1053,11,,,0,195,,1054,4,,,0
100,'5287',636,,1057,4,,,0,103,,1056,4,,,0,70,,1055,4,,,0,34,,1058,11,,,0,76,,1071,4,,,0,39,,1067,4,,,0,167,,1060,11,,,0,20,,1059,11,,,0,161,,1061,4,,,0,42,,1062,11,,,0,110,,1063,11,,,0,96,,1064,11,,,0,152,,1069,11,,,0,94,,1070,11,,,0,45,,1065,11,,,0
100,'5288',1525,,1072,11,,,0,406,,1073,4,,,0,115,,1074,4,,,0,154,,1075,4,,,0
100,'5291',1028,,1076,4,,,0,27,,1077,11,,,0
100,'5295',1028,,1078,4,,,0,27,,1079,11,,,0
100,'5298',1525,,1080,11,,,0,406,,1081,4,,,0,115,,1082,4,,,0,154,,1083,4,,,0,105,,1084,4,,,0
