301,'4623',1622,,1151,5,0,30,0,101,,1152,5,0,30,0,194,,1153,5,0,28 29,0,115,,1154,5,0,28 29,0,115,,1155,5,0,28 29,0,105,,1156,5,0,28 29,0
301,'5087',622,,1161,5,0,28 29,0,101,,1160,5,0,28 29,0,15,,1159,5,0,5 6 16,0,14,,1157,5,0,28 29,0,51,,1158,5,0,30,0,39,,1162,5,0,30,0,60,,1172,5,0,28 29,0,40,,1163,5,0,28 29,0,100,,1164,5,0,30,0,100,,1165,5,0,30,0,108,,1166,5,0,28 29,0,95,,1167,5,0,30,0,89,,1168,5,0,30,0,104,,1170,5,0,30,0,111,,1171,5,0,30,0,168,,1169,5,0,30,0
301,'5088',1622,,1173,5,0,30,0,101,,1174,5,0,30,0,194,,1175,5,0,28 29,0,115,,1176,5,0,28 29,0,115,,1177,5,0,28 29,0
301,'5274',1012,,1178,5,0,28 29,0
301,'5276',1012,,1179,5,0,28 29,0
301,'5284',817,,1180,5,0,28 29,0,35,,1182,5,0,28 29,0,176,,1181,5,0,28 29,0,90,,1184,5,0,28 29,0,115,,1183,5,0,28 29,0,120,,1185,5,0,28 29,0,160,,1186,5,0,28 29,0,35,,1187,5,0,28 29,0,303,,1188,5,0,28 29,0
301,'5287',622,,1193,5,0,28 29,0,101,,1192,5,0,28 29,0,15,,1191,5,0,5 6 16,0,14,,1189,5,0,28 29,0,51,,1190,5,0,30,0,39,,1194,5,0,30,0,60,,1204,5,0,28 29,0,40,,1195,5,0,28 29,0,100,,1196,5,0,30,0,100,,1197,5,0,30,0,108,,1198,5,0,28 29,0,95,,1199,5,0,30,0,89,,1200,5,0,30,0,104,,1202,5,0,30,0,111,,1203,5,0,30,0,168,,1201,5,0,30,0
301,'5288',1622,,1205,5,0,30,0,101,,1206,5,0,30,0,194,,1207,5,0,28 29,0,115,,1208,5,0,28 29,0,115,,1209,5,0,28 29,0
301,'5291',1012,,1210,5,0,28 29,0
301,'5295',1012,,1211,5,0,28 29,0
301,'5298',1622,,1212,5,0,30,0,101,,1213,5,0,30,0,194,,1214,5,0,28 29,0,115,,1215,5,0,28 29,0,115,,1216,5,0,28 29,0,105,,1217,5,0,28 29,0
