1000,'5087',905,,1234,18,,,0,500,,1236,18,,,0,226,,1235,18,,,0,273,,1237,18,,,0,196,,1238,18,,,0
1000,'5274',1225,,1239,18,,,0
1000,'5276',1225,,1240,18,,,0
1000,'5284',1042,,1241,18,,,0,500,,1242,18,,,0,365,,1243,18,,,0
1000,'5287',905,,1244,18,,,0,500,,1246,18,,,0,226,,1245,18,,,0,273,,1247,18,,,0,196,,1248,18,,,0
1000,'5291',1225,,1249,18,,,0
1000,'5295',1225,,1250,18,,,0
7600,'5281',1020,,1685,14,,,0
7600,'5294',1020,,1691,14,,,0
24001000,'5087',620,,1796,10,,,0,105,,1798,10,,,0,998,,1797,13,,,0
24001000,'5284',718,,1799,10,,,0
24001000,'5287',620,,1800,10,,,0,105,,1802,10,,,0,998,,1801,13,,,0
