1001,'5087',715,,1251,24,,,0,105,,1255,24,,,0,186,,1252,24,,,0,504,,1256,24,,,0,231,,1253,24,,,0,89,,1254,24,,,0,180,,1257,24,,,0
1001,'5274',1330,,1258,24,,,0
1001,'5276',1330,,1259,24,,,0
1001,'5284',815,,1260,24,,,0,337,,1261,24,,,0,858,,1262,24,,,0
1001,'5287',715,,1263,24,,,0,105,,1267,24,,,0,186,,1264,24,,,0,504,,1268,24,,,0,231,,1265,24,,,0,89,,1266,24,,,0,180,,1269,24,,,0
1001,'5291',1330,,1270,24,,,0
1001,'5295',1330,,1271,24,,,0
7601,'5281',925,,1697,23,,,0
7601,'5294',925,,1703,23,,,0
24001001,'5087',2157,,1803,18,,,0
24001001,'5284',1646,,1804,18,,,0
24001001,'5287',2157,,1805,18,,,0
