1001,'5087',653,,1251,6,,,0,105,,1255,6,,,0,185,,1252,6,,,0,505,,1256,6,,,0,270,,1253,6,,,0,90,,1254,6,,,0,140,,1257,6,,,0
1001,'5274',1308,,1258,6,,,0
1001,'5276',1308,,1259,6,,,0
1001,'5284',753,,1260,6,,,0,376,,1261,6,,,0,819,,1262,6,,,0
1001,'5287',653,,1263,6,,,0,105,,1267,6,,,0,185,,1264,6,,,0,505,,1268,6,,,0,270,,1265,6,,,0,90,,1266,6,,,0,140,,1269,6,,,0
1001,'5291',1308,,1270,6,,,0
1001,'5295',1308,,1271,6,,,0
7601,'5281',908,,1697,11,,,0
7601,'5294',908,,1703,11,,,0
24001001,'5087',2138,,1803,6,,,0
24001001,'5284',1623,,1804,6,,,0
24001001,'5287',2138,,1805,6,,,0
