100,'4623',1527,,1014,15,,,0,406,,1015,8,,,0,115,,1016,8,,,0,154,,1017,8,,,0,105,,1018,8,,,0
100,'5087',638,,1021,8,,,0,103,,1020,8,,,0,70,,1019,8,,,0,34,,1022,15,,,0,76,,1035,8,,,0,79,,1031,8,,,0,127,,1024,15,,,0,20,,1023,15,,,0,161,,1025,8,,,0,42,,1026,15,,,0,150,,1027,15,,,0,56,,1028,15,,,0,152,,1033,15,,,0,94,,1034,15,,,0,45,,1029,15,,,0
100,'5088',1527,,1036,15,,,0,406,,1037,8,,,0,115,,1038,8,,,0,154,,1039,8,,,0
100,'5274',1030,,1040,8,,,0,27,,1041,15,,,0
100,'5276',1030,,1042,8,,,0,27,,1043,15,,,0
100,'5284',833,,1044,8,,,0,75,,1046,8,,,0,99,,1047,15,,,0,37,,1045,8,,,0,90,,1048,8,,,0,115,,1049,8,,,0,160,,1050,8,,,0,120,,1051,8,,,0,75,,1052,8,,,0,108,,1053,15,,,0,195,,1054,8,,,0
100,'5287',638,,1057,8,,,0,103,,1056,8,,,0,70,,1055,8,,,0,34,,1058,15,,,0,76,,1071,8,,,0,79,,1067,8,,,0,127,,1060,15,,,0,20,,1059,15,,,0,161,,1061,8,,,0,42,,1062,15,,,0,150,,1063,15,,,0,56,,1064,15,,,0,152,,1069,15,,,0,94,,1070,15,,,0,45,,1065,15,,,0
100,'5288',1527,,1072,15,,,0,406,,1073,8,,,0,115,,1074,8,,,0,154,,1075,8,,,0
100,'5291',1030,,1076,8,,,0,27,,1077,15,,,0
100,'5295',1030,,1078,8,,,0,27,,1079,15,,,0
100,'5298',1527,,1080,15,,,0,406,,1081,8,,,0,115,,1082,8,,,0,154,,1083,8,,,0,105,,1084,8,,,0
