1001,'5087',700,,1251,11,,,0,105,,1255,11,,,0,145,,1252,11,,,0,505,,1256,11,,,0,270,,1253,11,,,0,90,,1254,11,,,0,140,,1257,11,,,0
1001,'5274',1315,,1258,11,,,0
1001,'5276',1315,,1259,11,,,0
1001,'5284',800,,1260,11,,,0,336,,1261,11,,,0,819,,1262,11,,,0
1001,'5287',700,,1263,11,,,0,105,,1267,11,,,0,145,,1264,11,,,0,505,,1268,11,,,0,270,,1265,11,,,0,90,,1266,11,,,0,140,,1269,11,,,0
1001,'5291',1315,,1270,11,,,0
1001,'5295',1315,,1271,11,,,0
7601,'5281',912,,1697,15,,,0
7601,'5294',912,,1703,15,,,0
24001001,'5087',2142,,1803,10,,,0
24001001,'5284',1629,,1804,10,,,0
24001001,'5287',2142,,1805,10,,,0
