1001,'5087',724,,1251,31,,,0,105,,1255,31,,,0,186,,1252,31,,,0,504,,1256,31,,,0,231,,1253,31,,,0,89,,1254,31,,,0,179,,1257,31,,,0
1001,'5274',1339,,1258,31,,,0
1001,'5276',1339,,1259,31,,,0
1001,'5284',824,,1260,31,,,0,377,,1261,31,,,0,818,,1262,31,,,0
1001,'5287',724,,1263,31,,,0,105,,1267,31,,,0,186,,1264,31,,,0,504,,1268,31,,,0,231,,1265,31,,,0,89,,1266,31,,,0,179,,1269,31,,,0
1001,'5291',1339,,1270,31,,,0
1001,'5295',1339,,1271,31,,,0
7601,'5281',931,,1697,30,,,0
7601,'5294',931,,1703,30,,,0
24001001,'5087',2203,,1803,25,,,0
24001001,'5284',1654,,1804,25,,,0
24001001,'5287',2203,,1805,25,,,0
