201,'4623',1557,,1085,23,,,0,145,,1086,23,,,0,98,,1087,23,,,0,208,,1088,23,,,0,115,,1089,23,,,0,113,,1090,22,,,0
201,'5087',635,,1093,22,,,0,68,,1094,22,,,0,113,,1092,22,,,0,28,,1091,22,,,0,77,,1095,23,,,0,29,,1096,23,,,0,103,,1097,25,,,0,68,,1098,23,,,0,106,,1099,25,,,0,96,,1100,23,,,0,106,,1101,25,,,0,19,,1102,23,,,0,176,,1103,25,,,0,296,,1104,23,,,0
201,'5088',1557,,1105,23,,,0,145,,1106,23,,,0,98,,1107,23,,,0,208,,1108,23,,,0,115,,1109,23,,,0
201,'5274',1728,,1110,23,,,0
201,'5276',1728,,1111,23,,,0
201,'5284',829,,1121,23,,,0,112,,1112,23,,,0,113,,1113,25,,,0,158,,1114,23,,,0,116,,1115,25,,,0,117,,1116,23,,,0,200,,1117,25,,,0,106,,1118,23,,,0,80,,1119,23,,,0,113,,1120,23,,,0
201,'5287',635,,1125,22,,,0,68,,1126,22,,,0,113,,1124,22,,,0,28,,1122,22,,,0,77,,1127,23,,,0,29,,1128,23,,,0,103,,1129,25,,,0,68,,1130,23,,,0,106,,1131,25,,,0,96,,1132,23,,,0,106,,1133,25,,,0,19,,1134,23,,,0,176,,1136,25,,,0,296,,1137,23,,,0
201,'5288',1557,,1138,23,,,0,145,,1139,23,,,0,98,,1140,23,,,0,208,,1141,23,,,0,115,,1142,23,,,0
201,'5291',1728,,1143,23,,,0
201,'5295',1728,,1144,23,,,0
201,'5298',1557,,1145,23,,,0,145,,1146,23,,,0,98,,1147,23,,,0,208,,1148,23,,,0,115,,1149,23,,,0,113,,1150,22,,,0
1001,'5087',728,,1251,37,,,0,105,,1255,37,,,0,187,,1252,37,,,0,503,,1256,37,,,0,231,,1253,37,,,0,89,,1254,37,,,0,179,,1257,37,,,0
1001,'5274',1343,,1258,37,,,0
1001,'5276',1343,,1259,37,,,0
1001,'5284',828,,1260,37,,,0,378,,1261,37,,,0,817,,1262,37,,,0
1001,'5287',728,,1263,37,,,0,105,,1267,37,,,0,187,,1264,37,,,0,503,,1268,37,,,0,231,,1265,37,,,0,89,,1266,37,,,0,179,,1269,37,,,0
1001,'5291',1343,,1270,37,,,0
1001,'5295',1343,,1271,37,,,0
