1000,'5087',914,,1234,28,,,0,500,,1236,28,,,0,227,,1235,28,,,0,272,,1237,28,,,0,196,,1238,28,,,0
1000,'5274',1234,,1239,28,,,0
1000,'5276',1234,,1240,28,,,0
1000,'5284',1052,,1241,28,,,0,500,,1242,28,,,0,365,,1243,28,,,0
1000,'5287',914,,1244,28,,,0,500,,1246,28,,,0,227,,1245,28,,,0,272,,1247,28,,,0,196,,1248,28,,,0
1000,'5291',1234,,1249,28,,,0
1000,'5295',1234,,1250,28,,,0
7600,'5281',1028,,1685,20,,,0
7600,'5294',1028,,1691,20,,,0
24001000,'5087',628,,1796,16,,,0,105,,1798,16,,,0,1000,,1797,23,,,0
24001000,'5284',726,,1799,16,,,0
24001000,'5287',628,,1800,16,,,0,105,,1802,16,,,0,1000,,1801,23,,,0
