4300,'4623',2121,,1472,1,,,0
4300,'5087',730,,1474,1,0,17 1 18,0,123,,1477,1,0,17 1 18,0,97,,1473,1,,,0,153,,1478,1,0,17 1 18,0,104,,1475,1,,,0,140,,1479,1,,,0,53,,1483,1,0,17 1 18,0,111,,1482,1,,,0,27,,1480,1,,,0,179,,1476,1,,,0,124,,1481,1,,,0
4300,'5284',850,,1490,1,,,0,201,,1484,1,,,0,203,,1485,1,0,17 1 18,0,149,,1486,1,,,0,142,,1487,1,,,0,167,,1488,1,,,0,128,,1489,1,,,0
4300,'5287',730,,1492,1,0,17 1 18,0,123,,1495,1,0,17 1 18,0,97,,1491,1,,,0,153,,1496,1,0,17 1 18,0,104,,1493,1,,,0,140,,1497,1,,,0,53,,1501,1,0,17 1 18,0,103,,1500,1,,,0,35,,1498,1,,,0,179,,1494,1,,,0,124,,1499,1,,,0
4300,'5298',2121,,1502,1,,,0
4301,'5087',649,,1506,22,4,,0,92,,1504,26,4,,0,86,,1513,26,4,,0,119,,1507,23,4,,0,184,,1509,38,4,,0,28,,1508,23,4,,0,191,,1503,38,4,,0,151,,1514,26,4,,0,25,,1505,35,4,,0,131,,1511,38,4,,0,196,,1510,35,4,,0,162,,1512,38,4,,0
4301,'5284',847,,1519,38,4,,0,181,,1518,38,4,,0,202,,1515,38,4,,0,121,,1516,26,4,,0,191,,1517,38,4,,0
4301,'5287',649,,1523,22,4,,0,92,,1521,26,4,,0,90,,1530,31,4,,0,115,,1524,23,4,,0,184,,1526,38,4,,0,28,,1525,23,4,,0,191,,1520,38,4,,0,151,,1531,26,4,,0,25,,1522,35,4,,0,131,,1528,38,4,,0,196,,1527,35,4,,0,162,,1529,38,4,,0
4401,'4623',1955,,1532,1,0,22 23 16,0,52,,1532,10,4,,0
4401,'5087',555,,1541,37,4,,0,145,,1533,1,0,21,0,25,,1533,27,4,,0,5,,1544,1,0,21,0,25,,1544,27,4,,0,54,,1535,1,0,21,0,28,,1535,27,4,,0,118,,1536,1,0,22 23 16,0,53,,1536,10,4,,0,109,,1537,1,0,21,0,27,,1537,27,4,,0,59,,1543,1,0,22 23 16,0,14,,1543,10,4,,0,138,,1534,1,0,21,0,67,,1534,27,4,,0,81,,1540,1,0,21,0,33,,1540,27,4,,0,118,,1538,1,0,22 23 16,0,54,,1538,10,4,,0,4,,1539,1,0,21,0,26,,1539,27,4,,0,62,,1542,1,0,21,0,26,,1542,27,4,,0
4401,'5284',822,,1547,1,0,21,0,25,,1547,27,4,,0,171,,1549,1,0,21,0,25,,1549,27,4,,0,114,,1548,1,0,21,0,65,,1548,27,4,,0,295,,1545,1,0,21,0,25,,1545,27,4,,0,102,,1546,1,0,21,0,65,,1546,27,4,,0
4401,'5287',555,,1558,37,4,,0,145,,1550,1,0,21,0,25,,1550,27,4,,0,5,,1561,1,0,21,0,25,,1561,27,4,,0,54,,1552,1,0,21,0,28,,1552,27,4,,0,118,,1553,1,0,22 23 16,0,53,,1553,10,4,,0,109,,1554,1,0,21,0,27,,1554,27,4,,0,59,,1560,1,0,22 23 16,0,14,,1560,10,4,,0,138,,1551,1,0,21,0,67,,1551,27,4,,0,81,,1557,1,0,21,0,33,,1557,27,4,,0,118,,1555,1,0,22 23 16,0,54,,1555,10,4,,0,4,,1556,1,0,21,0,26,,1556,27,4,,0,62,,1559,1,0,21,0,26,,1559,27,4,,0
4401,'5298',1955,,1562,1,0,22 23 16,0,52,,1562,10,4,,0
4600,'4623',2118,,1571,19,4,,0
4600,'5087',820,,1577,19,4,,0,120,,1572,19,4,,0,118,,1576,24,4,,0,143,,1580,19,4,,0,143,,1579,24,4,,0,109,,1573,19,4,,0,77,,1574,19,4,,0,119,,1575,24,4,,0,162,,1578,19,4,,0,141,,1581,19,4,,0
4600,'5284',847,,1586,24,4,,0,308,,1585,24,4,,0,357,,1582,24,4,,0,195,,1583,24,4,,0
4600,'5287',820,,1592,19,,,0,120,,1587,19,4,,0,118,,1591,24,4,,0,143,,1595,19,4,,0,143,,1594,24,4,,0,109,,1588,19,4,,0,77,,1589,19,4,,0,119,,1590,24,4,,0,162,,1593,19,4,,0,141,,1596,19,4,,0
4600,'5298',2118,,1597,19,4,,0
24004300,'5087',523,,1809,1,,,0,95,,1807,1,,,0,33,,1806,1,,,0,171,,1808,1,,,0
24004300,'5284',724,,1810,1,,,0
24004300,'5287',523,,1814,1,,,0,95,,1812,1,,,0,33,,1811,1,,,0,171,,1813,1,,,0
24004301,'4623',2221,,1815,15,4,,0
24004301,'5087',630,,1820,19,4,,0,96,,1817,19,4,,0,76,,1818,19,4,,0,133,,1819,19,4,,0,767,,1816,19,4,,0
24004301,'5284',1710,,1822,19,4,,0,126,,1821,19,4,,0,167,,1823,19,4,,0
24004301,'5287',630,,1828,19,4,,0,96,,1825,19,4,,0,81,,1826,23,4,,0,128,,1827,19,4,,0,767,,1824,19,4,,0
24004301,'5298',2221,,1829,15,4,,0
