5700,'4623',925,,1659,4,,,0
5700,'5298',925,,1661,4,,,0
7600,'5277',1345,,1683,6,4,,0
7600,'5280',1840,,1684,6,4,,0
7600,'5281',1128,,1685,45,4,,0
7600,'5283',1020,,1686,6,4,,0,820,,1687,6,4,,0
7600,'5286',835,,1688,6,4,,0
7600,'5289',1345,,1689,6,4,,0
7600,'5290',1840,,1690,6,4,,0
7600,'5294',1128,,1691,45,4,,0
7600,'5296',835,,1692,6,4,,0
7600,'5297',1020,,1693,6,4,,0,820,,1694,6,4,,0
7601,'5277',1215,,1695,1,0,41 16,0
7601,'5280',1715,,1696,1,0,41 16,0
7601,'5281',825,,1697,1,,,0
7601,'5283',855,,1698,1,0,41 16,0,860,,1699,1,0,41 16,0
7601,'5286',705,,1700,1,0,41 16,0
7601,'5289',1215,,1701,1,0,41 16,0
7601,'5290',1715,,1702,1,0,41 16,0
7601,'5294',825,,1703,1,,,0
7601,'5296',705,,1704,1,0,41 16,0
7601,'5297',855,,1705,1,0,41 16,0,860,,1706,1,0,41 16,0
