2001,'5087',456,,1306,5,,,0,260,,1307,5,,,0,319,,1308,5,,,0,573,,1309,5,,,0,127,,1310,5,,,0
2001,'5274',741,,1311,5,0,24 25,0
2001,'5276',741,,1312,5,0,24 25,0
2001,'5284',529,,1315,5,,,0,492,,1316,5,,,0,490,,1313,5,,,0
2001,'5287',456,,1317,5,,,0,260,,1318,5,,,0,319,,1319,5,,,0,573,,1320,5,,,0,127,,1321,5,,,0
2001,'5291',741,,1322,5,0,24 25,0
2001,'5295',741,,1323,5,0,24 25,0
7400,'5278',1620,,1679,8,,,0
7400,'5292',1620,,1680,8,,,0
9901,'5087',606,,1775,5,,,0,51,,1776,5,,,0,154,,1777,5,,,0,141,,1778,5,,,0,259,,1779,5,,,0,310,,1780,5,,,0,105,,1781,5,,,0,88,,1782,5,,,0
9901,'5284',854,,1783,5,,,0,383,,1784,5,,,0,475,,1785,5,,,0
9901,'5287',606,,1786,5,,,0,51,,1787,5,,,0,154,,1788,5,,,0,141,,1789,5,,,0,259,,1790,5,,,0,310,,1791,5,,,0,105,,1792,5,,,0,88,,1793,5,,,0
