100,'4623',1937,,1015,16,,,0,115,,1016,16,,,0,153,,1017,16,,,0,105,,1018,16,,,0
100,'5087',745,,1020,16,,,0,70,,1019,16,,,0,34,,1022,23,,,0,3,,1030,5,0,23 16,0,73,,1035,16,,,0,79,,1031,16,,,0,147,,1023,23,,,0,161,,1025,16,,,0,10,,1032,5,0,23 16,0,32,,1026,23,,,0,150,,1027,23,,,0,96,,1028,23,,,0,112,,1033,23,,,0,94,,1034,23,,,0,45,,1029,23,,,0
100,'5088',1937,,1037,16,,,0,115,,1038,16,,,0,153,,1039,16,,,0
100,'5274',1034,,1040,16,,,0,67,,1041,23,,,0
100,'5276',1034,,1042,16,,,0,67,,1043,23,,,0
100,'5284',837,,1044,16,,,0,75,,1046,16,,,0,99,,1047,23,,,0,37,,1045,16,,,0,90,,1048,16,,,0,115,,1049,16,,,0,160,,1050,16,,,0,120,,1051,16,,,0,75,,1052,16,,,0,108,,1053,23,,,0,195,,1054,16,,,0
100,'5287',745,,1056,16,,,0,70,,1055,16,,,0,34,,1058,23,,,0,3,,1066,5,0,23 16,0,73,,1071,16,,,0,79,,1067,16,,,0,147,,1059,23,,,0,161,,1061,16,,,0,10,,1068,5,0,23 16,0,32,,1062,23,,,0,150,,1063,23,,,0,96,,1064,23,,,0,112,,1069,23,,,0,94,,1070,23,,,0,45,,1065,23,,,0
100,'5288',1937,,1073,16,,,0,115,,1074,16,,,0,153,,1075,16,,,0
100,'5291',1034,,1076,16,,,0,67,,1077,23,,,0
100,'5295',1034,,1078,16,,,0,67,,1079,23,,,0
100,'5298',1937,,1081,16,,,0,115,,1082,16,,,0,153,,1083,16,,,0,105,,1084,16,,,0
