4300,'5287',1512,,1500,6,,,0
4301,'5287',825,,1530,28,,,0
4401,'4623',2002,,1532,7,0,22 23 16,0
4401,'5087',706,,1533,7,0,21,0,14,,1533,24,,,0,16,,1544,7,0,21,0,14,,1544,24,,,0,66,,1535,7,0,21,0,16,,1535,24,,,0,171,,1536,7,0,22 23 16,0,121,,1537,7,0,21,0,14,,1537,24,,,0,73,,1543,7,0,22 23 16,0,191,,1534,7,0,21,0,14,,1534,24,,,0,97,,1540,7,0,21,0,17,,1540,24,,,0,173,,1538,7,0,22 23 16,0,16,,1539,7,0,21,0,14,,1539,24,,,0,74,,1542,7,0,21,0,14,,1542,24,,,0
4401,'5284',829,,1547,7,0,21,0,14,,1547,24,,,0,182,,1549,7,0,21,0,14,,1549,24,,,0,165,,1548,7,0,21,0,14,,1548,24,,,0,306,,1545,7,0,21,0,14,,1545,24,,,0,113,,1546,7,0,21,0,54,,1546,24,,,0
4401,'5287',706,,1550,7,0,21,0,14,,1550,24,,,0,16,,1561,7,0,21,0,14,,1561,24,,,0,66,,1552,7,0,21,0,16,,1552,24,,,0,171,,1553,7,0,22 23 16,0,121,,1554,7,0,21,0,14,,1554,24,,,0,73,,1560,7,0,22 23 16,0,191,,1551,7,0,21,0,14,,1551,24,,,0,97,,1557,7,0,21,0,17,,1557,24,,,0,173,,1555,7,0,22 23 16,0,16,,1556,7,0,21,0,14,,1556,24,,,0,74,,1559,7,0,21,0,14,,1559,24,,,0
4401,'5298',2002,,1562,7,0,22 23 16,0
9800,'5087',1517,,1710,7,0,7 8 2 9 2 10,0
9800,'5287',1517,,1721,7,0,7 8 2 9 2 10,0
24004301,'5287',801,,1826,20,,,0
