201,'4623',1553,,1085,17,,,0,105,,1086,17,,,0,99,,1087,17,,,0,248,,1088,17,,,0,115,,1089,17,,,0,113,,1090,16,,,0
201,'5087',632,,1093,16,,,0,27,,1094,16,,,0,153,,1092,16,,,0,28,,1091,16,,,0,77,,1095,17,,,0,30,,1096,17,,,0,102,,1097,19,,,0,68,,1098,17,,,0,106,,1099,19,,,0,96,,1100,17,,,0,106,,1101,19,,,0,19,,1102,17,,,0,177,,1103,19,,,0,296,,1104,17,,,0
201,'5088',1553,,1105,17,,,0,105,,1106,17,,,0,99,,1107,17,,,0,248,,1108,17,,,0,115,,1109,17,,,0
201,'5274',1725,,1110,17,,,0
201,'5276',1725,,1111,17,,,0
201,'5284',826,,1121,17,,,0,111,,1112,17,,,0,113,,1113,19,,,0,158,,1114,17,,,0,116,,1115,19,,,0,117,,1116,17,,,0,200,,1117,19,,,0,106,,1118,17,,,0,80,,1119,17,,,0,114,,1120,17,,,0
201,'5287',632,,1125,16,,,0,27,,1126,16,,,0,153,,1124,16,,,0,28,,1122,16,,,0,77,,1127,17,,,0,30,,1128,17,,,0,102,,1129,19,,,0,68,,1130,17,,,0,106,,1131,19,,,0,96,,1132,17,,,0,106,,1133,19,,,0,19,,1134,17,,,0,177,,1136,19,,,0,296,,1137,17,,,0
201,'5288',1553,,1138,17,,,0,105,,1139,17,,,0,99,,1140,17,,,0,248,,1141,17,,,0,115,,1142,17,,,0
201,'5291',1725,,1143,17,,,0
201,'5295',1725,,1144,17,,,0
201,'5298',1553,,1145,17,,,0,105,,1146,17,,,0,99,,1147,17,,,0,248,,1148,17,,,0,115,,1149,17,,,0,113,,1150,16,,,0
