201,'4623',1608,,1085,30,,,0,105,,1086,30,,,0,97,,1087,30,,,0,208,,1088,30,,,0,115,,1089,30,,,0,109,,1090,28,,,0
201,'5087',641,,1093,28,,,0,72,,1094,29,,,0,109,,1092,28,,,0,33,,1091,29,,,0,77,,1095,30,,,0,69,,1096,30,,,0,103,,1097,32,,,0,28,,1098,30,,,0,107,,1099,32,,,0,96,,1100,30,,,0,106,,1101,32,,,0,18,,1102,30,,,0,176,,1103,32,,,0,295,,1104,30,,,0
201,'5088',1608,,1105,30,,,0,105,,1106,30,,,0,97,,1107,30,,,0,208,,1108,30,,,0,115,,1109,30,,,0
201,'5274',1739,,1110,30,,,0
201,'5276',1739,,1111,30,,,0
201,'5284',838,,1121,30,,,0,114,,1112,30,,,0,153,,1113,32,,,0,118,,1114,30,,,0,116,,1115,32,,,0,117,,1116,30,,,0,200,,1117,32,,,0,145,,1118,30,,,0,41,,1119,30,,,0,112,,1120,30,,,0
201,'5287',641,,1125,28,,,0,72,,1126,29,,,0,142,,1122,29,,,0,77,,1127,30,,,0,69,,1128,30,,,0,103,,1129,32,,,0,28,,1130,30,,,0,107,,1131,32,,,0,96,,1132,30,,,0,106,,1133,32,,,0,18,,1134,30,,,0,176,,1136,32,,,0,295,,1137,30,,,0
201,'5288',1608,,1138,30,,,0,105,,1139,30,,,0,97,,1140,30,,,0,208,,1141,30,,,0,115,,1142,30,,,0
201,'5291',1739,,1143,30,,,0
201,'5295',1739,,1144,30,,,0
201,'5298',1608,,1145,30,,,0,105,,1146,30,,,0,97,,1147,30,,,0,208,,1148,30,,,0,115,,1149,30,,,0,109,,1150,28,,,0
400,'4623',1513,,1218,3,,,0
400,'5087',1254,,1219,3,,,0,165,,1220,3,,,0
400,'5088',1513,,1221,3,,,0
400,'5284',1513,,1222,3,,,0
400,'5287',1254,,1223,3,,,0,165,,1224,3,,,0
400,'5288',1513,,1225,3,,,0
400,'5298',1513,,1226,3,,,0
1001,'5087',738,,1251,44,,,0,105,,1255,44,,,0,188,,1252,44,,,0,503,,1256,44,,,0,271,,1253,44,,,0,48,,1254,44,,,0,179,,1257,44,,,0
1001,'5274',1354,,1258,44,,,0
1001,'5276',1354,,1259,44,,,0
1001,'5284',839,,1260,44,,,0,378,,1261,44,,,0,816,,1262,44,,,0
1001,'5287',738,,1263,44,,,0,105,,1267,44,,,0,188,,1264,44,,,0,503,,1268,44,,,0,271,,1265,44,,,0,48,,1266,44,,,0,179,,1269,44,,,0
1001,'5291',1354,,1270,44,,,0
1001,'5295',1354,,1271,44,,,0
7201,'5276',716,,1674,2,0,36,0,525,,1673,2,,,0,470,,1675,2,,,0
7201,'5291',716,,1677,2,0,36,0,525,,1676,2,,,0,470,,1678,2,,,0
7400,'5278',1609,,1679,2,,,0
7400,'5292',1609,,1680,2,,,0
7601,'5281',939,,1697,35,4,,0
7601,'5294',939,,1703,35,4,,0
24001001,'5087',2207,,1803,30,,,0
24001001,'5284',1659,,1804,30,,,0
24001001,'5287',2207,,1805,30,,,0
