301,'4623',1625,,1151,8,0,30,0,101,,1152,8,0,30,0,194,,1153,8,0,28 29,0,115,,1154,8,0,28 29,0,115,,1155,8,0,28 29,0,105,,1156,8,0,28 29,0
301,'5087',625,,1161,8,0,28 29,0,101,,1160,8,0,28 29,0,29,,1157,8,0,28 29,0,51,,1158,8,0,30,0,39,,1162,8,0,30,0,60,,1172,8,0,28 29,0,40,,1163,8,0,28 29,0,100,,1164,8,0,30,0,100,,1165,8,0,30,0,108,,1166,8,0,28 29,0,95,,1167,8,0,30,0,89,,1168,8,0,30,0,104,,1170,8,0,30,0,111,,1171,8,0,30,0,168,,1169,8,0,30,0
301,'5088',1625,,1173,8,0,30,0,101,,1174,8,0,30,0,194,,1175,8,0,28 29,0,115,,1176,8,0,28 29,0,115,,1177,8,0,28 29,0
301,'5274',1015,,1178,8,0,28 29,0
301,'5276',1015,,1179,8,0,28 29,0
301,'5284',820,,1180,8,0,28 29,0,35,,1182,8,0,28 29,0,176,,1181,8,0,28 29,0,90,,1184,8,0,28 29,0,115,,1183,8,0,28 29,0,120,,1185,8,0,28 29,0,160,,1186,8,0,28 29,0,35,,1187,8,0,28 29,0,303,,1188,8,0,28 29,0
301,'5287',625,,1193,8,0,28 29,0,101,,1192,8,0,28 29,0,29,,1189,8,0,28 29,0,51,,1190,8,0,30,0,39,,1194,8,0,30,0,60,,1204,8,0,28 29,0,40,,1195,8,0,28 29,0,100,,1196,8,0,30,0,100,,1197,8,0,30,0,108,,1198,8,0,28 29,0,95,,1199,8,0,30,0,89,,1200,8,0,30,0,104,,1202,8,0,30,0,111,,1203,8,0,30,0,168,,1201,8,0,30,0
301,'5288',1625,,1205,8,0,30,0,101,,1206,8,0,30,0,194,,1207,8,0,28 29,0,115,,1208,8,0,28 29,0,115,,1209,8,0,28 29,0
301,'5291',1015,,1210,8,0,28 29,0
301,'5295',1015,,1211,8,0,28 29,0
301,'5298',1625,,1212,8,0,30,0,101,,1213,8,0,30,0,194,,1214,8,0,28 29,0,115,,1215,8,0,28 29,0,115,,1216,8,0,28 29,0,105,,1217,8,0,28 29,0
