1000,'5087',919,,1234,33,,,0,500,,1236,33,,,0,227,,1235,33,,,0,272,,1237,33,,,0,196,,1238,33,,,0
1000,'5274',1239,,1239,33,,,0
1000,'5276',1239,,1240,33,,,0
1000,'5284',1057,,1241,33,,,0,500,,1242,33,,,0,365,,1243,33,,,0
1000,'5287',919,,1244,33,,,0,500,,1246,33,,,0,227,,1245,33,,,0,272,,1247,33,,,0,196,,1248,33,,,0
1000,'5291',1239,,1249,33,,,0
1000,'5295',1239,,1250,33,,,0
7600,'5281',1033,,1685,25,,,0
7600,'5294',1033,,1691,25,,,0
24001000,'5087',633,,1796,21,,,0,105,,1798,21,,,0,1000,,1797,28,,,0
24001000,'5284',731,,1799,21,,,0
24001000,'5287',633,,1800,21,,,0,105,,1802,21,,,0,1000,,1801,28,,,0
