301,'4623',1627,,1151,11,0,30,0,101,,1152,11,0,30,0,194,,1153,11,0,28 29,0,115,,1154,11,0,28 29,0,115,,1155,11,0,28 29,0,105,,1156,11,0,28 29,0
301,'5087',627,,1161,11,0,28 29,0,101,,1160,11,0,28 29,0,29,,1157,11,0,28 29,0,51,,1158,11,0,30,0,39,,1162,11,0,30,0,60,,1172,11,0,28 29,0,40,,1163,11,0,28 29,0,100,,1164,11,0,30,0,100,,1165,11,0,30,0,108,,1166,11,0,28 29,0,95,,1167,11,0,30,0,89,,1168,11,0,30,0,104,,1170,11,0,30,0,111,,1171,11,0,30,0,168,,1169,11,0,30,0
301,'5088',1627,,1173,11,0,30,0,101,,1174,11,0,30,0,194,,1175,11,0,28 29,0,115,,1176,11,0,28 29,0,115,,1177,11,0,28 29,0
301,'5274',1017,,1178,11,0,28 29,0
301,'5276',1017,,1179,11,0,28 29,0
301,'5284',822,,1180,11,0,28 29,0,35,,1182,11,0,28 29,0,176,,1181,11,0,28 29,0,90,,1184,11,0,28 29,0,115,,1183,11,0,28 29,0,120,,1185,11,0,28 29,0,160,,1186,11,0,28 29,0,35,,1187,11,0,28 29,0,303,,1188,11,0,28 29,0
301,'5287',627,,1193,11,0,28 29,0,101,,1192,11,0,28 29,0,29,,1189,11,0,28 29,0,51,,1190,11,0,30,0,39,,1194,11,0,30,0,60,,1204,11,0,28 29,0,40,,1195,11,0,28 29,0,100,,1196,11,0,30,0,100,,1197,11,0,30,0,108,,1198,11,0,28 29,0,95,,1199,11,0,30,0,89,,1200,11,0,30,0,104,,1202,11,0,30,0,111,,1203,11,0,30,0,168,,1201,11,0,30,0
301,'5288',1627,,1205,11,0,30,0,101,,1206,11,0,30,0,194,,1207,11,0,28 29,0,115,,1208,11,0,28 29,0,115,,1209,11,0,28 29,0
301,'5291',1017,,1210,11,0,28 29,0
301,'5295',1017,,1211,11,0,28 29,0
301,'5298',1627,,1212,11,0,30,0,101,,1213,11,0,30,0,194,,1214,11,0,28 29,0,115,,1215,11,0,28 29,0,115,,1216,11,0,28 29,0,105,,1217,11,0,28 29,0
