4600,'4623',2055,,1571,1,0,11,0
4600,'5087',755,,1577,1,0,11,0,160,,1572,1,0,11,0,114,,1576,1,0,11,0,107,,1580,1,0,11,0,179,,1579,1,0,11,0,113,,1573,1,0,11,0,77,,1574,1,0,11,0,115,,1575,1,0,11,0,127,,1578,1,0,11,0,182,,1581,1,0,11,0
4600,'5284',818,,1586,1,0,11,0,308,,1585,1,0,11,0,317,,1582,1,0,11,0,195,,1583,1,0,11,0,276,,1584,1,0,11,0
4600,'5287',755,,1592,1,0,11,0,160,,1587,1,0,11,0,114,,1591,1,0,11,0,107,,1595,1,0,11,0,179,,1594,1,0,11,0,113,,1588,1,0,11,0,77,,1589,1,0,11,0,115,,1590,1,0,11,0,127,,1593,1,0,11,0,182,,1596,1,0,11,0
4600,'5298',2055,,1597,1,0,11,0
4601,'4623',2053,,1598,27,4,,0
4601,'5087',752,,1605,19,4,,0,160,,1599,27,4,,0,114,,1606,32,4,,0,107,,1608,27,4,,0,179,,1607,32,4,,0,113,,1600,27,4,,0,76,,1603,27,4,,0,116,,1601,32,4,,0,127,,1602,27,4,,0,183,,1609,27,4,,0
4601,'5284',816,,1614,24,4,,0,308,,1613,32,4,,0,317,,1610,32,4,,0,195,,1611,32,4,,0,276,,1612,27,4,,0
4601,'5287',752,,1621,19,4,,0,160,,1615,27,4,,0,114,,1622,32,4,,0,107,,1624,27,4,,0,179,,1623,32,4,,0,113,,1616,27,4,,0,76,,1619,27,4,,0,116,,1617,32,4,,0,127,,1618,27,4,,0,183,,1625,27,4,,0
4601,'5298',2053,,1626,27,4,,0
