100,'4623',1519,,1014,1,0,29 2 35 23,0
100,'5087',824,,1019,23,4,,0,13,,1022,1,0,29,0,13,,1030,1,0,23 16,0,8,,1022,30,4,,0,43,,1030,12,4,,0,33,,1035,23,4,,0,186,,1024,1,0,29 2 35 23,0,14,,1024,23,4,,0,6,,1023,1,0,29,0,180,,1032,1,0,23 16,0,22,,1026,1,0,29,0,110,,1027,1,0,29,0,96,,1028,1,0,29,0,152,,1033,1,0,29,0,55,,1034,1,0,29,0,85,,1029,1,0,29,0
100,'5088',1519,,1036,1,0,29 2 35 23,0
100,'5274',1043,,1040,23,4,,0,7,,1041,1,0,29,0,60,,1041,30,4,,0
100,'5276',1043,,1042,23,4,,0,7,,1043,1,0,29,0,60,,1043,30,4,,0
100,'5284',1000,,1047,1,0,29,0,56,,1045,23,4,,0,485,,1051,23,4,,0,164,,1053,1,0,29,0
100,'5287',824,,1055,23,4,,0,13,,1058,1,0,29,0,13,,1066,1,0,23 16,0,8,,1058,30,4,,0,43,,1066,12,4,,0,33,,1071,23,4,,0,186,,1060,1,0,29 2 35 23,0,14,,1060,23,4,,0,6,,1059,1,0,29,0,180,,1068,1,0,23 16,0,22,,1062,1,0,29,0,110,,1063,1,0,29,0,96,,1064,1,0,29,0,152,,1069,1,0,29,0,55,,1070,1,0,29,0,85,,1065,1,0,29,0
100,'5288',1519,,1072,1,0,29 2 35 23,0
100,'5291',1043,,1076,23,4,,0,7,,1077,1,0,29,0,60,,1077,30,4,,0
100,'5295',1043,,1078,23,4,,0,7,,1079,1,0,29,0,60,,1079,30,4,,0
100,'5298',1519,,1080,1,0,29 2 35 23,0
201,'4623',1613,,1085,32,4,,0,105,,1086,32,4,,0,96,,1087,32,4,,0,208,,1088,32,4,,0,115,,1089,32,4,,0,108,,1090,30,4,,0
201,'5087',717,,1094,31,4,,0,109,,1092,30,4,,0,110,,1095,32,4,,0,201,,1098,32,4,,0,107,,1099,34,4,,0,96,,1100,32,4,,0,164,,1102,32,4,,0,136,,1103,34,4,,0
201,'5088',1613,,1105,32,4,,0,105,,1106,32,4,,0,96,,1107,32,4,,0,208,,1108,32,4,,0,115,,1109,32,4,,0
201,'5274',1743,,1110,32,4,,0
201,'5276',1743,,1111,32,4,,0
201,'5284',957,,1112,32,4,,0,153,,1113,34,4,,0,118,,1114,32,4,,0,116,,1115,34,4,,0,157,,1116,32,4,,0,200,,1117,34,4,,0,145,,1119,32,4,,0
201,'5287',717,,1126,31,4,,0,117,,1124,34,4,,0,102,,1127,32,4,,0,201,,1130,32,4,,0,107,,1131,34,4,,0,96,,1132,32,4,,0,164,,1134,32,4,,0,27,,1135,2,4,,0,109,,1136,34,4,,0
201,'5288',1613,,1138,32,4,,0,105,,1139,32,4,,0,96,,1140,32,4,,0,208,,1141,32,4,,0,115,,1142,32,4,,0
201,'5291',1743,,1143,32,4,,0
201,'5295',1743,,1144,32,4,,0
201,'5298',1613,,1145,32,4,,0,105,,1146,32,4,,0,96,,1147,32,4,,0,208,,1148,32,4,,0,115,,1149,32,4,,0,108,,1150,30,4,,0
301,'4623',1620,,1151,1,0,30,0,101,,1152,1,0,30,0,194,,1153,1,0,28 29,0,115,,1154,1,0,28 29,0,115,,1155,1,0,28 29,0,105,,1156,1,0,28 29,0
301,'5087',620,,1161,1,0,28 29,0,100,,1160,1,0,28 29,0,15,,1159,1,0,5 6 16,0,14,,1157,1,0,28 29,0,51,,1158,1,0,30,0,40,,1162,1,0,30,0,60,,1172,1,0,28 29,0,40,,1163,1,0,28 29,0,100,,1164,1,0,30,0,100,,1165,1,0,30,0,108,,1166,1,0,28 29,0,95,,1167,1,0,30,0,58,,1167,19,4,,0,31,,1168,1,0,30,0,18,,1168,19,4,,0,85,,1170,1,0,30,0,112,,1171,1,0,30,0,168,,1169,1,0,30,0
301,'5088',1620,,1173,1,0,30,0,101,,1174,1,0,30,0,194,,1175,1,0,28 29,0,115,,1176,1,0,28 29,0,115,,1177,1,0,28 29,0
301,'5274',1010,,1178,1,0,28 29,0
301,'5276',1010,,1179,1,0,28 29,0
301,'5284',815,,1180,1,0,28 29,0,35,,1182,1,0,28 29,0,175,,1181,1,0,28 29,0,90,,1184,1,0,28 29,0,115,,1183,1,0,28 29,0,120,,1185,1,0,28 29,0,160,,1186,1,0,28 29,0,35,,1187,1,0,28 29,0,303,,1188,1,0,28 29,0
301,'5287',620,,1193,1,0,28 29,0,100,,1192,1,0,28 29,0,15,,1191,1,0,5 6 16,0,14,,1189,1,0,28 29,0,51,,1190,1,0,30,0,40,,1194,1,0,30,0,60,,1204,1,0,28 29,0,40,,1195,1,0,28 29,0,100,,1196,1,0,30,0,100,,1197,1,0,30,0,108,,1198,1,0,28 29,0,95,,1199,1,0,30,0,58,,1199,19,4,,0,31,,1200,1,0,30,0,18,,1200,19,4,,0,85,,1202,1,0,30,0,112,,1203,1,0,30,0,168,,1201,1,0,30,0
301,'5288',1620,,1205,1,0,30,0,101,,1206,1,0,30,0,194,,1207,1,0,28 29,0,115,,1208,1,0,28 29,0,115,,1209,1,0,28 29,0
301,'5291',1010,,1210,1,0,28 29,0
301,'5295',1010,,1211,1,0,28 29,0
301,'5298',1620,,1212,1,0,30,0,101,,1213,1,0,30,0,194,,1214,1,0,28 29,0,115,,1215,1,0,28 29,0,115,,1216,1,0,28 29,0,105,,1217,1,0,28 29,0
400,'4623',1518,,1218,5,4,,0
400,'5088',1518,,1221,5,4,,0
400,'5288',1518,,1225,5,4,,0
400,'5298',1518,,1226,5,4,,0
1001,'5087',742,,1251,46,4,,0,105,,1255,46,4,,0,189,,1252,46,4,,0,773,,1253,46,4,,0
1001,'5274',1359,,1258,46,4,,0
1001,'5276',1359,,1259,46,4,,0
1001,'5284',843,,1260,46,4,,0
1001,'5287',742,,1263,46,4,,0,105,,1267,46,4,,0,189,,1264,46,4,,0,773,,1265,46,4,,0
1001,'5291',1359,,1270,46,4,,0
1001,'5295',1359,,1271,46,4,,0
1401,'5087',750,,1272,1,0,31,0
1401,'5274',1112,,1273,1,0,31,0,634,,1274,1,0,31,0
1401,'5276',1112,,1275,1,0,31,0,634,,1276,1,0,31,0
1401,'5287',750,,1277,1,0,31,0
1401,'5291',1112,,1278,1,0,31,0,634,,1279,1,0,31,0
1401,'5295',1112,,1280,1,0,31,0,634,,1281,1,0,31,0
1500,'5274',830,,1282,1,,,0,12,,1282,6,4,,0,563,,1283,1,,,0,12,,1283,6,4,,0,233,,1284,1,,,0
1500,'5295',830,,1285,1,,,0,12,,1285,6,4,,0,563,,1286,1,,,0,12,,1286,6,4,,0,233,,1287,1,,,0
2000,'5087',727,,1288,51,4,,0,225,,1289,51,4,,0,362,,1290,51,4,,0,690,,1292,41,4,,0
2000,'5274',823,,1293,13,4,,0
2000,'5276',823,,1294,13,4,,0
2000,'5287',727,,1299,51,4,,0,225,,1300,51,4,,0,362,,1301,51,4,,0,690,,1303,41,4,,0
2000,'5291',823,,1304,13,4,,0
2000,'5295',823,,1305,13,4,,0
7201,'5276',720,,1674,4,0,36,0,526,,1673,4,,,0,470,,1675,4,,,0
7201,'5291',720,,1677,4,0,36,0,526,,1676,4,,,0,470,,1678,4,,,0
7401,'5278',1011,,1681,45,4,,0
7401,'5292',1011,,1682,45,4,,0
7601,'5281',943,,1697,37,4,,0
7601,'5294',943,,1703,37,4,,0
9900,'5087',730,,1756,26,4,,0,203,,1758,26,4,,0,182,,1759,26,4,,0,223,,1760,26,4,,0,409,,1762,26,4,,0,89,,1763,26,4,,0
9900,'5284',1017,,1764,26,4,,0
9900,'5287',730,,1767,26,4,,0,203,,1769,26,4,,0,182,,1770,26,4,,0,223,,1771,26,4,,0,409,,1773,26,4,,0,89,,1774,26,4,,0
18000201,'5087',1545,,1794,19,4,,0
18000201,'5287',1545,,1795,19,4,,0
