1401,'5087',751,,1272,2,0,31,0
1401,'5274',1113,,1273,2,0,31,0,634,,1274,2,0,31,0
1401,'5276',1113,,1275,2,0,31,0,634,,1276,2,0,31,0
1401,'5287',751,,1277,2,0,31,0
1401,'5291',1113,,1278,2,0,31,0,634,,1279,2,0,31,0
1401,'5295',1113,,1280,2,0,31,0,634,,1281,2,0,31,0
2001,'5087',450,,1306,2,,,0,260,,1307,2,,,0,320,,1308,2,,,0,572,,1309,2,,,0,127,,1310,2,,,0
2001,'5274',735,,1311,2,0,24 25,0
2001,'5276',735,,1312,2,0,24 25,0
2001,'5284',523,,1315,2,,,0,492,,1316,2,,,0,490,,1313,2,,,0
2001,'5287',450,,1317,2,,,0,260,,1318,2,,,0,320,,1319,2,,,0,572,,1320,2,,,0,127,,1321,2,,,0
2001,'5291',735,,1322,2,0,24 25,0
2001,'5295',735,,1323,2,0,24 25,0
7400,'5278',1614,,1679,5,,,0
7400,'5292',1614,,1680,5,,,0
9901,'5087',600,,1775,2,,,0,50,,1776,2,,,0,154,,1777,2,,,0,141,,1778,2,,,0,259,,1779,2,,,0,310,,1780,2,,,0,105,,1781,2,,,0,88,,1782,2,,,0
9901,'5284',847,,1783,2,,,0,383,,1784,2,,,0,475,,1785,2,,,0
9901,'5287',600,,1786,2,,,0,50,,1787,2,,,0,154,,1788,2,,,0,141,,1789,2,,,0,259,,1790,2,,,0,310,,1791,2,,,0,105,,1792,2,,,0,88,,1793,2,,,0
