100,'4623',1528,,1014,19,,,0,407,,1015,12,,,0,115,,1016,12,,,0,154,,1017,12,,,0,105,,1018,12,,,0
100,'5087',640,,1021,12,,,0,102,,1020,12,,,0,70,,1019,12,,,0,34,,1022,19,,,0,76,,1035,12,,,0,79,,1031,12,,,0,127,,1024,19,,,0,20,,1023,19,,,0,161,,1025,12,,,0,42,,1026,19,,,0,150,,1027,19,,,0,56,,1028,19,,,0,152,,1033,19,,,0,94,,1034,19,,,0,45,,1029,19,,,0
100,'5088',1528,,1036,19,,,0,407,,1037,12,,,0,115,,1038,12,,,0,154,,1039,12,,,0
100,'5274',1031,,1040,12,,,0,27,,1041,19,,,0
100,'5276',1031,,1042,12,,,0,27,,1043,19,,,0
100,'5284',835,,1044,12,,,0,75,,1046,12,,,0,99,,1047,19,,,0,37,,1045,12,,,0,90,,1048,12,,,0,115,,1049,12,,,0,160,,1050,12,,,0,120,,1051,12,,,0,75,,1052,12,,,0,108,,1053,19,,,0,195,,1054,12,,,0
100,'5287',640,,1057,12,,,0,102,,1056,12,,,0,70,,1055,12,,,0,34,,1058,19,,,0,76,,1071,12,,,0,79,,1067,12,,,0,127,,1060,19,,,0,20,,1059,19,,,0,161,,1061,12,,,0,42,,1062,19,,,0,150,,1063,19,,,0,56,,1064,19,,,0,152,,1069,19,,,0,94,,1070,19,,,0,45,,1065,19,,,0
100,'5288',1528,,1072,19,,,0,407,,1073,12,,,0,115,,1074,12,,,0,154,,1075,12,,,0
100,'5291',1031,,1076,12,,,0,27,,1077,19,,,0
100,'5295',1031,,1078,12,,,0,27,,1079,19,,,0
100,'5298',1528,,1080,19,,,0,407,,1081,12,,,0,115,,1082,12,,,0,154,,1083,12,,,0,105,,1084,12,,,0
