1001,'5087',655,,1251,7,,,0,145,,1255,7,,,0,145,,1252,7,,,0,505,,1256,7,,,0,270,,1253,7,,,0,90,,1254,7,,,0,140,,1257,7,,,0
1001,'5274',1310,,1258,7,,,0
1001,'5276',1310,,1259,7,,,0
1001,'5284',755,,1260,7,,,0,376,,1261,7,,,0,819,,1262,7,,,0
1001,'5287',655,,1263,7,,,0,145,,1267,7,,,0,145,,1264,7,,,0,505,,1268,7,,,0,270,,1265,7,,,0,90,,1266,7,,,0,140,,1269,7,,,0
1001,'5291',1310,,1270,7,,,0
1001,'5295',1310,,1271,7,,,0
7601,'5281',909,,1697,12,,,0
7601,'5294',909,,1703,12,,,0
24001001,'5087',2139,,1803,7,,,0
24001001,'5284',1625,,1804,7,,,0
24001001,'5287',2139,,1805,7,,,0
