5100,'4623',1100,,1628,1,,,0,40,,1628,4,4,,0,160,,1627,1,,,0,40,,1627,4,4,,0
5100,'5275',1315,,1629,1,,,0,40,,1629,4,4,,0,160,,1630,1,,,0,40,,1630,4,4,,0
5100,'5286',1330,,1631,1,,,0,80,,1631,4,4,,0,105,,1632,1,,,0,40,,1632,4,4,,0
5100,'5296',1330,,1633,1,,,0,80,,1633,4,4,,0,105,,1634,1,,,0,40,,1634,4,4,,0
5100,'5298',1100,,1636,1,,,0,40,,1636,4,4,,0,160,,1635,1,,,0,40,,1635,4,4,,0
5100,'5299',1315,,1637,1,,,0,40,,1637,4,4,,0,160,,1638,1,,,0,40,,1638,4,4,,0
5201,'5286',706,,1645,2,,,0,320,,1647,2,,,0,590,,1646,2,,,0
5201,'5296',706,,1648,2,,,0,320,,1650,2,,,0,590,,1649,2,,,0
5301,'4623',746,,1655,2,,,0,600,,1656,2,,,0
5301,'5298',746,,1657,2,,,0,600,,1658,2,,,0
7401,'5278',751,,1681,2,,,0
7401,'5292',751,,1682,2,,,0
