100,'4623',1522,,1014,7,0,29 2 35 23,0
100,'5087',840,,1022,7,0,29,0,283,,1024,7,0,29 2 35 23,0,20,,1023,7,0,29,0,202,,1026,7,0,29,0,110,,1027,7,0,29,0,96,,1028,7,0,29,0,152,,1033,7,0,29,0,55,,1034,7,0,29,0,85,,1029,7,0,29,0
100,'5088',1522,,1036,7,0,29 2 35 23,0
100,'5274',1053,,1041,7,0,29,0
100,'5276',1053,,1043,7,0,29,0
100,'5284',1003,,1047,7,0,29,0,705,,1053,7,0,29,0
100,'5287',840,,1058,7,0,29,0,283,,1060,7,0,29 2 35 23,0,20,,1059,7,0,29,0,202,,1062,7,0,29,0,110,,1063,7,0,29,0,96,,1064,7,0,29,0,152,,1069,7,0,29,0,55,,1070,7,0,29,0,85,,1065,7,0,29,0
100,'5288',1522,,1072,7,0,29 2 35 23,0
100,'5291',1053,,1077,7,0,29,0
100,'5295',1053,,1079,7,0,29,0
100,'5298',1522,,1080,7,0,29 2 35 23,0
301,'4623',1929,,1153,21,0,28 29,0,115,,1154,21,0,28 29,0,115,,1155,21,0,28 29,0,145,,1156,21,0,28 29,0
301,'5087',634,,1161,21,0,28 29,0,102,,1160,21,0,28 29,0,70,,1157,21,0,28 29,0,110,,1172,21,0,28 29,0,39,,1163,21,0,28 29,0,348,,1166,21,0,28 29,0
301,'5088',1929,,1175,21,0,28 29,0,115,,1176,21,0,28 29,0,115,,1177,21,0,28 29,0
301,'5274',1025,,1178,21,0,28 29,0
301,'5276',1025,,1179,21,0,28 29,0
301,'5284',829,,1180,21,0,28 29,0,75,,1182,21,0,28 29,0,136,,1181,21,0,28 29,0,90,,1184,21,0,28 29,0,115,,1183,21,0,28 29,0,160,,1185,21,0,28 29,0,120,,1186,21,0,28 29,0,75,,1187,21,0,28 29,0,303,,1188,21,0,28 29,0
301,'5287',634,,1193,21,0,28 29,0,102,,1192,21,0,28 29,0,70,,1189,21,0,28 29,0,110,,1204,21,0,28 29,0,39,,1195,21,0,28 29,0,348,,1198,21,0,28 29,0
301,'5288',1929,,1207,21,0,28 29,0,115,,1208,21,0,28 29,0,115,,1209,21,0,28 29,0
301,'5291',1025,,1210,21,0,28 29,0
301,'5295',1025,,1211,21,0,28 29,0
301,'5298',1929,,1214,21,0,28 29,0,115,,1215,21,0,28 29,0,115,,1216,21,0,28 29,0,145,,1217,21,0,28 29,0
