301,'4623',1631,,1151,15,0,13,0,101,,1152,15,0,13,0,193,,1153,15,0,28 29,0,115,,1154,15,0,28 29,0,115,,1155,15,0,28 29,0,145,,1156,15,0,28 29,0
301,'5087',630,,1161,15,0,28 29,0,102,,1160,15,0,28 29,0,69,,1157,15,0,28 29,0,12,,1158,15,0,13,0,39,,1162,15,0,13,0,59,,1172,15,0,28 29,0,40,,1163,15,0,28 29,0,101,,1164,15,0,13,0,100,,1165,15,0,13,0,107,,1166,15,0,28 29,0,96,,1167,15,0,13,0,89,,1168,15,0,13,0,103,,1170,15,0,13,0,111,,1171,15,0,13,0,168,,1169,15,0,13,0
301,'5088',1631,,1173,15,0,13,0,101,,1174,15,0,13,0,193,,1175,15,0,28 29,0,115,,1176,15,0,28 29,0,115,,1177,15,0,28 29,0
301,'5274',1021,,1178,15,0,28 29,0
301,'5276',1021,,1179,15,0,28 29,0
301,'5284',825,,1180,15,0,28 29,0,75,,1182,15,0,28 29,0,136,,1181,15,0,28 29,0,90,,1184,15,0,28 29,0,115,,1183,15,0,28 29,0,160,,1185,15,0,28 29,0,120,,1186,15,0,28 29,0,35,,1187,15,0,28 29,0,303,,1188,15,0,28 29,0
301,'5287',630,,1193,15,0,28 29,0,102,,1192,15,0,28 29,0,69,,1189,15,0,28 29,0,12,,1190,15,0,13,0,39,,1194,15,0,13,0,59,,1204,15,0,28 29,0,40,,1195,15,0,28 29,0,101,,1196,15,0,13,0,100,,1197,15,0,13,0,107,,1198,15,0,28 29,0,96,,1199,15,0,13,0,89,,1200,15,0,13,0,103,,1202,15,0,13,0,111,,1203,15,0,13,0,168,,1201,15,0,13,0
301,'5288',1631,,1205,15,0,13,0,101,,1206,15,0,13,0,193,,1207,15,0,28 29,0,115,,1208,15,0,28 29,0,115,,1209,15,0,28 29,0
301,'5291',1021,,1210,15,0,28 29,0
301,'5295',1021,,1211,15,0,28 29,0
301,'5298',1631,,1212,15,0,13,0,101,,1213,15,0,13,0,193,,1214,15,0,28 29,0,115,,1215,15,0,28 29,0,115,,1216,15,0,28 29,0,145,,1217,15,0,28 29,0
