1000,'5087',901,,1234,17,,,0,500,,1236,17,,,0,226,,1235,17,,,0,274,,1237,17,,,0,156,,1238,17,,,0
1000,'5274',1221,,1239,17,,,0
1000,'5276',1221,,1240,17,,,0
1000,'5284',1039,,1241,17,,,0,499,,1242,17,,,0,366,,1243,17,,,0
1000,'5287',901,,1244,17,,,0,500,,1246,17,,,0,226,,1245,17,,,0,274,,1247,17,,,0,156,,1248,17,,,0
1000,'5291',1221,,1249,17,,,0
1000,'5295',1221,,1250,17,,,0
7600,'5281',1017,,1685,13,,,0
7600,'5294',1017,,1691,13,,,0
24001000,'5087',617,,1796,9,,,0,105,,1798,9,,,0,997,,1797,12,,,0
24001000,'5284',715,,1799,9,,,0
24001000,'5287',617,,1800,9,,,0,105,,1802,9,,,0,997,,1801,12,,,0
