201,'4623',1547,,1085,10,0,32,0,105,,1086,10,0,32,0,99,,1087,10,0,32,0,249,,1088,10,0,32,0,115,,1089,10,0,32,0,113,,1090,9,0,32,0
201,'5087',627,,1093,9,0,32,0,26,,1094,9,0,32,0,152,,1092,9,0,32,0,29,,1091,9,0,32,0,77,,1095,10,0,32,0,30,,1096,10,0,32,0,99,,1097,10,0,32,0,71,,1098,10,0,32,0,103,,1099,10,0,32,0,99,,1100,10,0,32,0,103,,1101,10,0,32,0,22,,1102,10,0,32,0,174,,1103,10,0,32,0,299,,1104,10,0,32,0
201,'5088',1547,,1105,10,0,32,0,105,,1106,10,0,32,0,99,,1107,10,0,32,0,249,,1108,10,0,32,0,115,,1109,10,0,32,0
201,'5274',1719,,1110,10,0,32,0
201,'5276',1719,,1111,10,0,32,0
201,'5284',821,,1121,10,0,32,0,110,,1112,10,0,32,0,110,,1113,10,0,32,0,161,,1114,10,0,32,0,113,,1115,10,0,32,0,120,,1116,10,0,32,0,197,,1117,10,0,32,0,109,,1118,10,0,32,0,80,,1119,10,0,32,0,115,,1120,10,0,32,0
201,'5287',627,,1125,9,0,32,0,26,,1126,9,0,32,0,152,,1124,9,0,32,0,25,,1123,6,4,,0,4,,1122,9,0,32,0,77,,1127,10,0,32,0,30,,1128,10,0,32,0,99,,1129,10,0,32,0,71,,1130,10,0,32,0,103,,1131,10,0,32,0,99,,1132,10,0,32,0,103,,1133,10,0,32,0,22,,1134,10,0,32,0,174,,1136,10,0,32,0,299,,1137,10,0,32,0
201,'5288',1547,,1138,10,0,32,0,105,,1139,10,0,32,0,99,,1140,10,0,32,0,249,,1141,10,0,32,0,115,,1142,10,0,32,0
201,'5291',1719,,1143,10,0,32,0
201,'5295',1719,,1144,10,0,32,0
201,'5298',1547,,1145,10,0,32,0,105,,1146,10,0,32,0,99,,1147,10,0,32,0,249,,1148,10,0,32,0,115,,1149,10,0,32,0,113,,1150,9,0,32,0
