201,'4623',1604,,1085,29,,,0,105,,1086,29,,,0,98,,1087,29,,,0,208,,1088,29,,,0,115,,1089,29,,,0
201,'5087',710,,1094,28,,,0,141,,1091,28,,,0,77,,1095,29,,,0,29,,1096,29,,,0,143,,1097,31,,,0,28,,1098,29,,,0,107,,1099,31,,,0,96,,1100,29,,,0,106,,1101,31,,,0,18,,1102,29,,,0,176,,1103,31,,,0,296,,1104,29,,,0
201,'5088',1604,,1105,29,,,0,105,,1106,29,,,0,98,,1107,29,,,0,208,,1108,29,,,0,115,,1109,29,,,0
201,'5274',1735,,1110,29,,,0
201,'5276',1735,,1111,29,,,0
201,'5284',835,,1121,29,,,0,113,,1112,29,,,0,153,,1113,31,,,0,118,,1114,29,,,0,116,,1115,31,,,0,117,,1116,29,,,0,200,,1117,31,,,0,106,,1118,29,,,0,80,,1119,29,,,0,113,,1120,29,,,0
201,'5287',710,,1126,28,,,0,141,,1122,28,,,0,77,,1127,29,,,0,29,,1128,29,,,0,143,,1129,31,,,0,28,,1130,29,,,0,107,,1131,31,,,0,96,,1132,29,,,0,106,,1133,31,,,0,18,,1134,29,,,0,176,,1136,31,,,0,296,,1137,29,,,0
201,'5288',1604,,1138,29,,,0,105,,1139,29,,,0,98,,1140,29,,,0,208,,1141,29,,,0,115,,1142,29,,,0
201,'5291',1735,,1143,29,,,0
201,'5295',1735,,1144,29,,,0
201,'5298',1604,,1145,29,,,0,105,,1146,29,,,0,98,,1147,29,,,0,208,,1148,29,,,0,115,,1149,29,,,0
1001,'5087',734,,1251,43,,,0,105,,1255,43,,,0,188,,1252,43,,,0,503,,1256,43,,,0,271,,1253,43,,,0,49,,1254,43,,,0,179,,1257,43,,,0
1001,'5274',1350,,1258,43,,,0
1001,'5276',1350,,1259,43,,,0
1001,'5284',835,,1260,43,,,0,378,,1261,43,,,0,817,,1262,43,,,0
1001,'5287',734,,1263,43,,,0,105,,1267,43,,,0,188,,1264,43,,,0,503,,1268,43,,,0,271,,1265,43,,,0,49,,1266,43,,,0,179,,1269,43,,,0
1001,'5291',1350,,1270,43,,,0
1001,'5295',1350,,1271,43,,,0
7200,'5276',852,,1668,10,4,,0,576,,1667,10,4,,0,419,,1669,8,4,,0
7200,'5291',852,,1671,10,4,,0,576,,1670,10,4,,0,419,,1672,8,4,,0
7201,'5276',712,,1674,1,0,36,0,525,,1673,1,,,0,469,,1675,1,,,0
7201,'5291',712,,1677,1,0,36,0,525,,1676,1,,,0,469,,1678,1,,,0
7601,'5281',935,,1697,34,4,,0
7601,'5294',935,,1703,34,4,,0
