1001,'5087',711,,1251,19,,,0,105,,1255,19,,,0,186,,1252,19,,,0,504,,1256,19,,,0,231,,1253,19,,,0,89,,1254,19,,,0,180,,1257,19,,,0
1001,'5274',1326,,1258,19,,,0
1001,'5276',1326,,1259,19,,,0
1001,'5284',811,,1260,19,,,0,337,,1261,19,,,0,858,,1262,19,,,0
1001,'5287',711,,1263,19,,,0,105,,1267,19,,,0,186,,1264,19,,,0,504,,1268,19,,,0,231,,1265,19,,,0,89,,1266,19,,,0,180,,1269,19,,,0
1001,'5291',1326,,1270,19,,,0
1001,'5295',1326,,1271,19,,,0
7601,'5281',922,,1697,21,,,0
7601,'5294',922,,1703,21,,,0
24001001,'5087',2153,,1803,16,,,0
24001001,'5284',1642,,1804,16,,,0
24001001,'5287',2153,,1805,16,,,0
