201,'4623',1554,,1085,18,,,0,105,,1086,18,,,0,99,,1087,18,,,0,248,,1088,18,,,0,115,,1089,18,,,0,113,,1090,17,,,0
201,'5087',633,,1093,17,,,0,67,,1094,17,,,0,113,,1092,17,,,0,28,,1091,17,,,0,77,,1095,18,,,0,30,,1096,18,,,0,102,,1097,20,,,0,68,,1098,18,,,0,106,,1099,20,,,0,96,,1100,18,,,0,106,,1101,20,,,0,19,,1102,18,,,0,177,,1103,20,,,0,296,,1104,18,,,0
201,'5088',1554,,1105,18,,,0,105,,1106,18,,,0,99,,1107,18,,,0,248,,1108,18,,,0,115,,1109,18,,,0
201,'5274',1726,,1110,18,,,0
201,'5276',1726,,1111,18,,,0
201,'5284',827,,1121,18,,,0,111,,1112,18,,,0,113,,1113,20,,,0,158,,1114,18,,,0,116,,1115,20,,,0,117,,1116,18,,,0,200,,1117,20,,,0,106,,1118,18,,,0,80,,1119,18,,,0,114,,1120,18,,,0
201,'5287',633,,1125,17,,,0,67,,1126,17,,,0,113,,1124,17,,,0,28,,1122,17,,,0,77,,1127,18,,,0,30,,1128,18,,,0,102,,1129,20,,,0,68,,1130,18,,,0,106,,1131,20,,,0,96,,1132,18,,,0,106,,1133,20,,,0,19,,1134,18,,,0,177,,1136,20,,,0,296,,1137,18,,,0
201,'5288',1554,,1138,18,,,0,105,,1139,18,,,0,99,,1140,18,,,0,248,,1141,18,,,0,115,,1142,18,,,0
201,'5291',1726,,1143,18,,,0
201,'5295',1726,,1144,18,,,0
201,'5298',1554,,1145,18,,,0,105,,1146,18,,,0,99,,1147,18,,,0,248,,1148,18,,,0,115,,1149,18,,,0,113,,1150,17,,,0
