201,'4623',1547,,1085,9,0,32,0,105,,1086,9,0,32,0,99,,1087,9,0,32,0,249,,1088,9,0,32,0,115,,1089,9,0,32,0,113,,1090,8,0,32,0
201,'5087',627,,1093,8,0,32,0,26,,1094,8,0,32,0,152,,1092,8,0,32,0,29,,1091,8,0,32,0,77,,1095,9,0,32,0,30,,1096,9,0,32,0,99,,1097,9,0,32,0,71,,1098,9,0,32,0,103,,1099,9,0,32,0,99,,1100,9,0,32,0,103,,1101,9,0,32,0,22,,1102,9,0,32,0,174,,1103,9,0,32,0,299,,1104,9,0,32,0
201,'5088',1547,,1105,9,0,32,0,105,,1106,9,0,32,0,99,,1107,9,0,32,0,249,,1108,9,0,32,0,115,,1109,9,0,32,0
201,'5274',1719,,1110,9,0,32,0
201,'5276',1719,,1111,9,0,32,0
201,'5284',821,,1121,9,0,32,0,110,,1112,9,0,32,0,110,,1113,9,0,32,0,161,,1114,9,0,32,0,113,,1115,9,0,32,0,120,,1116,9,0,32,0,197,,1117,9,0,32,0,109,,1118,9,0,32,0,80,,1119,9,0,32,0,115,,1120,9,0,32,0
201,'5287',627,,1125,8,0,32,0,26,,1126,8,0,32,0,152,,1124,8,0,32,0,25,,1123,5,0,38 39,0,4,,1122,8,0,32,0,77,,1127,9,0,32,0,30,,1128,9,0,32,0,99,,1129,9,0,32,0,71,,1130,9,0,32,0,103,,1131,9,0,32,0,99,,1132,9,0,32,0,103,,1133,9,0,32,0,22,,1134,9,0,32,0,174,,1136,9,0,32,0,299,,1137,9,0,32,0
201,'5288',1547,,1138,9,0,32,0,105,,1139,9,0,32,0,99,,1140,9,0,32,0,249,,1141,9,0,32,0,115,,1142,9,0,32,0
201,'5291',1719,,1143,9,0,32,0
201,'5295',1719,,1144,9,0,32,0
201,'5298',1547,,1145,9,0,32,0,105,,1146,9,0,32,0,99,,1147,9,0,32,0,249,,1148,9,0,32,0,115,,1149,9,0,32,0,113,,1150,8,0,32,0
