301,'4623',1624,,1151,7,0,30,0,101,,1152,7,0,30,0,194,,1153,7,0,28 29,0,115,,1154,7,0,28 29,0,115,,1155,7,0,28 29,0,105,,1156,7,0,28 29,0
301,'5087',624,,1161,7,0,28 29,0,101,,1160,7,0,28 29,0,29,,1157,7,0,28 29,0,51,,1158,7,0,30,0,39,,1162,7,0,30,0,60,,1172,7,0,28 29,0,40,,1163,7,0,28 29,0,100,,1164,7,0,30,0,100,,1165,7,0,30,0,108,,1166,7,0,28 29,0,95,,1167,7,0,30,0,89,,1168,7,0,30,0,104,,1170,7,0,30,0,111,,1171,7,0,30,0,168,,1169,7,0,30,0
301,'5088',1624,,1173,7,0,30,0,101,,1174,7,0,30,0,194,,1175,7,0,28 29,0,115,,1176,7,0,28 29,0,115,,1177,7,0,28 29,0
301,'5274',1014,,1178,7,0,28 29,0
301,'5276',1014,,1179,7,0,28 29,0
301,'5284',819,,1180,7,0,28 29,0,35,,1182,7,0,28 29,0,176,,1181,7,0,28 29,0,90,,1184,7,0,28 29,0,115,,1183,7,0,28 29,0,120,,1185,7,0,28 29,0,160,,1186,7,0,28 29,0,35,,1187,7,0,28 29,0,303,,1188,7,0,28 29,0
301,'5287',624,,1193,7,0,28 29,0,101,,1192,7,0,28 29,0,29,,1189,7,0,28 29,0,51,,1190,7,0,30,0,39,,1194,7,0,30,0,60,,1204,7,0,28 29,0,40,,1195,7,0,28 29,0,100,,1196,7,0,30,0,100,,1197,7,0,30,0,108,,1198,7,0,28 29,0,95,,1199,7,0,30,0,89,,1200,7,0,30,0,104,,1202,7,0,30,0,111,,1203,7,0,30,0,168,,1201,7,0,30,0
301,'5288',1624,,1205,7,0,30,0,101,,1206,7,0,30,0,194,,1207,7,0,28 29,0,115,,1208,7,0,28 29,0,115,,1209,7,0,28 29,0
301,'5291',1014,,1210,7,0,28 29,0
301,'5295',1014,,1211,7,0,28 29,0
301,'5298',1624,,1212,7,0,30,0,101,,1213,7,0,30,0,194,,1214,7,0,28 29,0,115,,1215,7,0,28 29,0,115,,1216,7,0,28 29,0,105,,1217,7,0,28 29,0
