1000,'5087',858,,1234,13,,,0,500,,1236,13,,,0,265,,1235,13,,,0,235,,1237,13,,,0,196,,1238,13,,,0
1000,'5274',1218,,1239,13,,,0
1000,'5276',1218,,1240,13,,,0
1000,'5284',1035,,1241,13,,,0,499,,1242,13,,,0,366,,1243,13,,,0
1000,'5287',858,,1244,13,,,0,500,,1246,13,,,0,265,,1245,13,,,0,235,,1247,13,,,0,196,,1248,13,,,0
1000,'5291',1218,,1249,13,,,0
1000,'5295',1218,,1250,13,,,0
7600,'5281',1015,,1685,9,,,0
7600,'5294',1015,,1691,9,,,0
24001000,'5087',615,,1796,5,,,0,105,,1798,5,,,0,995,,1797,8,,,0
24001000,'5284',713,,1799,5,,,0
24001000,'5287',615,,1800,5,,,0,105,,1802,5,,,0,995,,1801,8,,,0
