2001,'5087',510,,1306,11,,,0,220,,1307,11,,,0,325,,1308,13,,,0,577,,1309,13,,,0,122,,1310,13,,,0
2001,'5274',755,,1311,11,4,,0
2001,'5276',755,,1312,11,4,,0
2001,'5284',543,,1315,11,,,0,497,,1316,13,,,0,490,,1313,13,,,0,205,,1314,1,,,0
2001,'5287',510,,1317,11,,,0,220,,1318,11,,,0,325,,1319,13,,,0,577,,1320,13,,,0,122,,1321,13,,,0
2001,'5291',755,,1322,11,4,,0
2001,'5295',755,,1323,11,4,,0
3800,'5279',940,,1443,6,,,0,410,,1442,6,,,0
3800,'5293',940,,1445,6,,,0,410,,1444,6,,,0
7400,'5278',1636,,1679,14,,,0
7400,'5292',1636,,1680,14,,,0
9901,'5087',620,,1775,11,,,0,91,,1776,11,,,0,115,,1777,11,,,0,181,,1778,11,,,0,220,,1779,11,,,0,309,,1780,11,,,0,104,,1781,11,,,0,88,,1782,11,,,0
9901,'5284',908,,1783,11,,,0,344,,1784,11,,,0,475,,1785,11,,,0
9901,'5287',620,,1786,11,,,0,91,,1787,11,,,0,115,,1788,11,,,0,181,,1789,11,,,0,220,,1790,11,,,0,309,,1791,11,,,0,104,,1792,11,,,0,88,,1793,11,,,0
