3101,'5087',720,,1337,13,,,0,123,,1335,28,,,0,162,,1333,13,,,0,35,,1334,28,,,0,75,,1330,28,,,0,119,,1331,13,,,0,105,,1329,28,,,0,161,,1328,28,,,0,31,,1327,28,,,0,102,,1325,28,,,0
3101,'5284',911,,1343,13,,,0,124,,1340,13,,,0,187,,1339,13,,,0,181,,1342,28,,,0,146,,1345,13,,,0
3101,'5287',720,,1359,13,,,0,123,,1357,28,,,0,162,,1355,13,,,0,35,,1356,28,,,0,75,,1352,28,,,0,119,,1353,13,,,0,105,,1351,28,,,0,161,,1350,28,,,0,31,,1349,28,,,0,102,,1347,28,,,0
3201,'5087',814,,1367,31,,,0,634,,1364,30,,,0,167,,1363,30,,,0,43,,1362,21,,,0,69,,1360,22,,,0,95,,1361,10,,,0
3201,'5287',814,,1379,31,,,0,634,,1376,30,,,0,167,,1375,30,,,0,43,,1374,21,,,0,69,,1372,22,,,0,95,,1373,10,,,0
3300,'5087',838,,1386,4,,,0,68,,1385,4,,,0,232,,1384,4,,,0,289,,1383,4,,,0,191,,1381,4,,,0,20,,1382,4,,,0
3300,'5284',1130,,1387,4,,,0,325,,1388,4,,,0,158,,1389,4,,,0
3300,'5287',838,,1395,4,,,0,68,,1394,4,,,0,232,,1393,4,,,0,289,,1392,4,,,0,191,,1390,4,,,0,20,,1391,4,,,0
3400,'5087',648,,1421,2,,,0,73,,1421,27,,,0,19,,1422,2,,,0,67,,1422,26,,,0,42,,1420,2,,,0,67,,1420,26,,,0,195,,1419,2,,,0,33,,1419,27,,,0,201,,1418,2,,,0,60,,1418,21,,,0,101,,1417,2,,,0,27,,1417,26,,,0,5,,1416,2,,,0,20,,1416,21,,,0,85,,1415,2,,,0,73,,1415,27,,,0,17,,1413,2,,,0,20,,1413,21,,,0,74,,1414,2,,,0,19,,1414,21,,,0
3400,'5284',917,,1424,2,,,0,25,,1424,26,,,0,101,,1423,2,,,0,65,,1423,26,,,0,300,,1425,2,,,0,25,,1425,26,,,0
3400,'5287',648,,1434,2,,,0,73,,1434,27,,,0,19,,1435,2,,,0,67,,1435,26,,,0,42,,1433,2,,,0,67,,1433,26,,,0,195,,1432,2,,,0,33,,1432,27,,,0,201,,1431,2,,,0,60,,1431,21,,,0,101,,1430,2,,,0,27,,1430,26,,,0,5,,1429,2,,,0,20,,1429,21,,,0,85,,1428,2,,,0,73,,1428,27,,,0,17,,1426,2,,,0,20,,1426,21,,,0,74,,1427,2,,,0,19,,1427,21,,,0
3601,'5087',808,,1438,20,,,0,497,,1437,18,,,0
3601,'5287',808,,1441,20,,,0,497,,1440,18,,,0
3800,'5279',957,,1443,24,,,0,450,,1442,24,,,0
3800,'5293',957,,1445,24,,,0,450,,1444,24,,,0
9801,'4623',1920,,1728,4,0,11,0,1,,1728,6,0,11,0
9801,'5087',656,,1734,4,0,11,0,1,,1734,6,0,11,0,87,,1730,4,0,7 8 2 11 2 10,0,1,,1730,6,0,7 8 2 11 2 10,0,159,,1735,4,0,7 8 2 11 2 10,0,1,,1735,6,0,7 8 2 11 2 10,0,138,,1733,4,0,11,0,1,,1733,6,0,11,0,261,,1729,4,0,7 8 2 11 2 10,0,1,,1729,6,0,7 8 2 11 2 10,0,311,,1731,4,0,11,0,1,,1731,6,0,11,0,99,,1736,4,0,11,0,1,,1736,6,0,11,0,87,,1732,4,0,11,0,1,,1732,6,0,11,0
9801,'5284',942,,1742,4,0,11,0,1,,1742,6,0,11,0,383,,1740,4,0,11,0,1,,1740,6,0,11,0,477,,1741,4,0,11,0,1,,1741,6,0,11,0
9801,'5287',656,,1749,4,0,11,0,1,,1749,6,0,11,0,87,,1745,4,0,7 8 2 11 2 10,0,1,,1745,6,0,7 8 2 11 2 10,0,159,,1750,4,0,7 8 2 11 2 10,0,1,,1750,6,0,7 8 2 11 2 10,0,138,,1748,4,0,11,0,1,,1748,6,0,11,0,261,,1744,4,0,7 8 2 11 2 10,0,1,,1744,6,0,7 8 2 11 2 10,0,311,,1746,4,0,11,0,1,,1746,6,0,11,0,99,,1751,4,0,11,0,1,,1751,6,0,11,0,87,,1747,4,0,11,0,1,,1747,6,0,11,0
9801,'5298',1920,,1755,4,0,11,0,1,,1755,6,0,11,0
