3300,'5087',830,,1386,2,,,0,28,,1385,2,,,0,272,,1384,2,,,0,289,,1383,2,,,0,191,,1381,2,,,0,20,,1382,2,,,0
3300,'5284',1122,,1387,2,,,0,325,,1388,2,,,0,158,,1389,2,,,0
3300,'5287',830,,1395,2,,,0,28,,1394,2,,,0,272,,1393,2,,,0,289,,1392,2,,,0,191,,1390,2,,,0,20,,1391,2,,,0
3601,'5087',740,,1438,2,,,0,798,,1436,2,0,5 6,0
3601,'5287',740,,1441,2,,,0,798,,1439,2,0,5 6,0
9801,'4623',1912,,1728,2,0,11,0
9801,'5087',648,,1734,2,0,11,0,88,,1730,2,0,7 8 2 11 2 10,0,119,,1735,2,0,7 8 2 11 2 10,0,179,,1733,2,0,11,0,222,,1729,2,0,7 8 2 11 2 10,0,352,,1731,2,0,11,0,100,,1736,2,0,11,0,48,,1732,2,0,11,0
9801,'5284',934,,1742,2,0,11,0,384,,1740,2,0,11,0,438,,1741,2,0,11,0
9801,'5287',648,,1749,2,0,11,0,88,,1745,2,0,7 8 2 11 2 10,0,119,,1750,2,0,7 8 2 11 2 10,0,179,,1748,2,0,11,0,222,,1744,2,0,7 8 2 11 2 10,0,352,,1746,2,0,11,0,100,,1751,2,0,11,0,48,,1747,2,0,11,0
9801,'5298',1912,,1755,2,0,11,0
9900,'5087',648,,1756,2,,,0,88,,1757,2,,,0,117,,1758,2,,,0,181,,1759,2,,,0,222,,1760,2,,,0,352,,1761,2,,,0,99,,1762,2,,,0,49,,1763,2,,,0
9900,'5284',936,,1764,2,,,0,384,,1765,2,,,0,439,,1766,2,,,0
9900,'5287',648,,1767,2,,,0,88,,1768,2,,,0,117,,1769,2,,,0,181,,1770,2,,,0,222,,1771,2,,,0,352,,1772,2,,,0,99,,1773,2,,,0,49,,1774,2,,,0
