4300,'5287',1508,,1500,3,,,0
4301,'5287',822,,1530,25,,,0
4401,'4623',1957,,1532,3,0,22 23 16,0
4401,'5087',544,,1541,21,,,0,158,,1533,3,0,21,0,30,,1544,3,0,21,0,80,,1535,3,0,21,0,146,,1536,3,0,22 23 16,0,162,,1537,3,0,21,0,86,,1543,3,0,22 23 16,0,152,,1534,3,0,21,0,150,,1540,3,0,21,0,150,,1538,3,0,22 23 16,0,57,,1539,3,0,21,0,88,,1542,3,0,21,0
4401,'5284',825,,1547,3,0,21,0,196,,1549,3,0,21,0,179,,1548,3,0,21,0,320,,1545,3,0,21,0,127,,1546,3,0,21,0
4401,'5287',544,,1558,21,,,0,158,,1550,3,0,21,0,30,,1561,3,0,21,0,80,,1552,3,0,21,0,146,,1553,3,0,22 23 16,0,162,,1554,3,0,21,0,86,,1560,3,0,22 23 16,0,152,,1551,3,0,21,0,150,,1557,3,0,21,0,150,,1555,3,0,22 23 16,0,57,,1556,3,0,21,0,88,,1559,3,0,21,0
4401,'5298',1957,,1562,3,0,22 23 16,0
4600,'5287',825,,1592,21,,,0
9800,'5087',1512,,1710,3,0,7 8 2 9 2 10,0
9800,'5287',1512,,1721,3,0,7 8 2 9 2 10,0
9801,'5087',826,,1730,26,,,0
9801,'5287',826,,1745,26,,,0
