1001,'5087',703,,1251,13,,,0,105,,1255,13,,,0,145,,1252,13,,,0,505,,1256,13,,,0,270,,1253,13,,,0,90,,1254,13,,,0,140,,1257,13,,,0
1001,'5274',1318,,1258,13,,,0
1001,'5276',1318,,1259,13,,,0
1001,'5284',803,,1260,13,,,0,336,,1261,13,,,0,819,,1262,13,,,0
1001,'5287',703,,1263,13,,,0,105,,1267,13,,,0,145,,1264,13,,,0,505,,1268,13,,,0,270,,1265,13,,,0,90,,1266,13,,,0,140,,1269,13,,,0
1001,'5291',1318,,1270,13,,,0
1001,'5295',1318,,1271,13,,,0
7601,'5281',915,,1697,17,,,0
7601,'5294',915,,1703,17,,,0
24001001,'5087',2146,,1803,12,,,0
24001001,'5284',1633,,1804,12,,,0
24001001,'5287',2146,,1805,12,,,0
