4101,'5087',755,,1446,11,,,0,92,,1448,11,,,0,384,,1449,11,,,0,215,,1447,11,,,0,166,,1450,11,,,0,143,,1451,11,,,0
4101,'5284',902,,1454,11,,,0,347,,1452,11,,,0,388,,1453,11,,,0
4101,'5287',755,,1455,11,,,0,92,,1457,11,,,0,384,,1458,11,,,0,215,,1456,11,,,0,166,,1459,11,,,0,143,,1460,11,,,0
4301,'5087',647,,1506,21,,,0,92,,1504,25,,,0,86,,1513,25,,,0,119,,1507,22,,,0,184,,1509,37,,,0,28,,1508,22,,,0,190,,1503,37,,,0,111,,1514,25,,,0,65,,1505,34,,,0,131,,1511,37,,,0,197,,1510,34,,,0,162,,1512,37,,,0
4301,'5284',845,,1519,37,,,0,181,,1518,37,,,0,202,,1515,37,,,0,121,,1516,25,,,0,191,,1517,37,,,0
4301,'5287',647,,1523,21,,,0,92,,1521,25,,,0,90,,1530,30,,,0,115,,1524,22,,,0,184,,1526,37,,,0,28,,1525,22,,,0,190,,1520,37,,,0,111,,1531,25,,,0,65,,1522,34,,,0,131,,1528,37,,,0,197,,1527,34,,,0,162,,1529,37,,,0
4401,'4623',2005,,1532,9,0,22 23 16,0
4401,'5087',554,,1541,36,,,0,169,,1533,26,,,0,30,,1544,26,,,0,82,,1535,26,,,0,171,,1536,9,0,22 23 16,0,136,,1537,26,,,0,73,,1543,9,0,22 23 16,0,205,,1534,26,,,0,114,,1540,26,,,0,172,,1538,9,0,22 23 16,0,30,,1539,26,,,0,88,,1542,26,,,0
4401,'5284',845,,1547,26,,,0,196,,1549,26,,,0,179,,1548,26,,,0,320,,1545,26,,,0,167,,1546,26,,,0
4401,'5287',554,,1558,36,,,0,169,,1550,26,,,0,30,,1561,26,,,0,82,,1552,26,,,0,171,,1553,9,0,22 23 16,0,136,,1554,26,,,0,73,,1560,9,0,22 23 16,0,205,,1551,26,,,0,114,,1557,26,,,0,172,,1555,9,0,22 23 16,0,30,,1556,26,,,0,88,,1559,26,,,0
4401,'5298',2005,,1562,9,0,22 23 16,0
4500,'5087',619,,1564,14,,,0,27,,1565,20,,,0,8,,1566,14,,,0,876,,1563,14,,,0
4500,'5287',619,,1568,14,,,0,27,,1569,20,,,0,8,,1570,14,,,0,876,,1567,14,,,0
4600,'4623',2117,,1571,18,0,11,0
4600,'5087',818,,1577,18,0,11,0,120,,1572,18,0,11,0,118,,1576,23,0,11,0,103,,1580,18,0,11,0,183,,1579,23,0,11,0,109,,1573,18,0,11,0,77,,1574,18,0,11,0,119,,1575,23,0,11,0,162,,1578,18,0,11,0,142,,1581,18,0,11,0
4600,'5284',845,,1586,23,0,11,0,308,,1585,23,0,11,0,357,,1582,23,0,11,0,195,,1583,23,0,11,0
4600,'5287',818,,1592,18,,,0,120,,1587,18,0,11,0,118,,1591,23,0,11,0,103,,1595,18,0,11,0,183,,1594,23,0,11,0,109,,1588,18,0,11,0,77,,1589,18,0,11,0,119,,1590,23,0,11,0,162,,1593,18,0,11,0,142,,1596,18,0,11,0
4600,'5298',2117,,1597,18,0,11,0
9801,'4623',1949,,1728,20,0,11,0
9801,'5087',548,,1738,7,0,11,0,109,,1737,7,0,11,0,68,,1734,20,0,11,0,95,,1730,23,0,7 8 2 11 2 10,0,119,,1735,23,0,7 8 2 11 2 10,0,174,,1733,20,0,11,0,228,,1729,23,0,7 8 2 11 2 10,0,159,,1739,7,0,11,0,149,,1731,20,0,11,0,99,,1736,20,0,11,0,88,,1732,20,0,11,0
9801,'5284',744,,1743,7,0,11,0,269,,1742,20,0,11,0,344,,1740,20,0,11,0,478,,1741,20,0,11,0
9801,'5287',548,,1753,7,0,11,0,109,,1752,7,0,11,0,68,,1749,20,0,11,0,95,,1745,23,0,7 8 2 11 2 10,0,119,,1750,23,0,7 8 2 11 2 10,0,174,,1748,20,0,11,0,228,,1744,23,0,7 8 2 11 2 10,0,159,,1754,7,0,11,0,149,,1746,20,0,11,0,99,,1751,20,0,11,0,88,,1747,20,0,11,0
9801,'5298',1949,,1755,20,0,11,0
24004301,'4623',2220,,1815,14,,,0
24004301,'5087',629,,1820,18,,,0,96,,1817,18,,,0,76,,1818,18,,,0,133,,1819,18,,,0,767,,1816,18,,,0
24004301,'5284',1709,,1822,18,,,0,126,,1821,18,,,0,167,,1823,18,,,0
24004301,'5287',629,,1828,18,,,0,96,,1825,18,,,0,80,,1826,22,,,0,129,,1827,18,,,0,767,,1824,18,,,0
24004301,'5298',2220,,1829,14,,,0
