2000,'5087',723,,1288,49,,,0,225,,1289,49,,,0,362,,1290,49,,,0,531,,1291,39,,,0,159,,1292,39,,,0
2000,'5274',819,,1293,11,,,0
2000,'5276',819,,1294,11,,,0
2000,'5284',800,,1296,48,,,0,506,,1298,48,,,0,645,,1295,40,,,0
2000,'5287',723,,1299,49,,,0,225,,1300,49,,,0,362,,1301,49,,,0,531,,1302,39,,,0,159,,1303,39,,,0
2000,'5291',819,,1304,11,,,0
2000,'5295',819,,1305,11,,,0
7401,'5278',1008,,1681,43,,,0
7401,'5292',1008,,1682,43,,,0
9900,'5087',726,,1756,24,,,0,88,,1757,24,,,0,115,,1758,24,,,0,182,,1759,24,,,0,223,,1760,24,,,0,311,,1761,24,,,0,98,,1762,24,,,0,89,,1763,24,,,0
9900,'5284',1013,,1764,24,,,0,344,,1765,24,,,0,479,,1766,24,,,0
9900,'5287',726,,1767,24,,,0,88,,1768,24,,,0,115,,1769,24,,,0,182,,1770,24,,,0,223,,1771,24,,,0,311,,1772,24,,,0,98,,1773,24,,,0,89,,1774,24,,,0
