201,'4623',1556,,1085,20,,,0,145,,1086,20,,,0,58,,1087,20,,,0,248,,1088,20,,,0,115,,1089,20,,,0,113,,1090,19,,,0
201,'5087',634,,1093,19,,,0,68,,1094,19,,,0,112,,1092,19,,,0,29,,1091,19,,,0,77,,1095,20,,,0,29,,1096,20,,,0,103,,1097,22,,,0,68,,1098,20,,,0,106,,1099,22,,,0,96,,1100,20,,,0,106,,1101,22,,,0,19,,1102,20,,,0,176,,1103,22,,,0,296,,1104,20,,,0
201,'5088',1556,,1105,20,,,0,145,,1106,20,,,0,58,,1107,20,,,0,248,,1108,20,,,0,115,,1109,20,,,0
201,'5274',1727,,1110,20,,,0
201,'5276',1727,,1111,20,,,0
201,'5284',828,,1121,20,,,0,112,,1112,20,,,0,113,,1113,22,,,0,158,,1114,20,,,0,116,,1115,22,,,0,117,,1116,20,,,0,200,,1117,22,,,0,106,,1118,20,,,0,80,,1119,20,,,0,113,,1120,20,,,0
201,'5287',634,,1125,19,,,0,68,,1126,19,,,0,112,,1124,19,,,0,29,,1122,19,,,0,77,,1127,20,,,0,29,,1128,20,,,0,103,,1129,22,,,0,68,,1130,20,,,0,106,,1131,22,,,0,96,,1132,20,,,0,106,,1133,22,,,0,19,,1134,20,,,0,176,,1136,22,,,0,296,,1137,20,,,0
201,'5288',1556,,1138,20,,,0,145,,1139,20,,,0,58,,1140,20,,,0,248,,1141,20,,,0,115,,1142,20,,,0
201,'5291',1727,,1143,20,,,0
201,'5295',1727,,1144,20,,,0
201,'5298',1556,,1145,20,,,0,145,,1146,20,,,0,58,,1147,20,,,0,248,,1148,20,,,0,115,,1149,20,,,0,113,,1150,19,,,0
