100,'4623',1526,,1014,13,,,0,406,,1015,6,,,0,115,,1016,6,,,0,154,,1017,6,,,0,105,,1018,6,,,0
100,'5087',637,,1021,6,,,0,103,,1020,6,,,0,70,,1019,6,,,0,34,,1022,13,,,0,76,,1035,6,,,0,39,,1031,6,,,0,167,,1024,13,,,0,20,,1023,13,,,0,161,,1025,6,,,0,42,,1026,13,,,0,110,,1027,13,,,0,96,,1028,13,,,0,152,,1033,13,,,0,94,,1034,13,,,0,45,,1029,13,,,0
100,'5088',1526,,1036,13,,,0,406,,1037,6,,,0,115,,1038,6,,,0,154,,1039,6,,,0
100,'5274',1029,,1040,6,,,0,27,,1041,13,,,0
100,'5276',1029,,1042,6,,,0,27,,1043,13,,,0
100,'5284',832,,1044,6,,,0,75,,1046,6,,,0,99,,1047,13,,,0,37,,1045,6,,,0,90,,1048,6,,,0,115,,1049,6,,,0,160,,1050,6,,,0,120,,1051,6,,,0,75,,1052,6,,,0,108,,1053,13,,,0,195,,1054,6,,,0
100,'5287',637,,1057,6,,,0,103,,1056,6,,,0,70,,1055,6,,,0,34,,1058,13,,,0,76,,1071,6,,,0,39,,1067,6,,,0,167,,1060,13,,,0,20,,1059,13,,,0,161,,1061,6,,,0,42,,1062,13,,,0,110,,1063,13,,,0,96,,1064,13,,,0,152,,1069,13,,,0,94,,1070,13,,,0,45,,1065,13,,,0
100,'5288',1526,,1072,13,,,0,406,,1073,6,,,0,115,,1074,6,,,0,154,,1075,6,,,0
100,'5291',1029,,1076,6,,,0,27,,1077,13,,,0
100,'5295',1029,,1078,6,,,0,27,,1079,13,,,0
100,'5298',1526,,1080,13,,,0,406,,1081,6,,,0,115,,1082,6,,,0,154,,1083,6,,,0,105,,1084,6,,,0
