1000,'5087',925,,1234,40,,,0,500,,1236,40,,,0,227,,1235,40,,,0,272,,1237,40,,,0,196,,1238,40,,,0
1000,'5274',1245,,1239,40,,,0
1000,'5276',1245,,1240,40,,,0
1000,'5284',1104,,1241,40,,,0,500,,1242,40,,,0,325,,1243,40,,,0
1000,'5287',925,,1244,40,,,0,500,,1246,40,,,0,227,,1245,40,,,0,272,,1247,40,,,0,196,,1248,40,,,0
1000,'5291',1245,,1249,40,,,0
1000,'5295',1245,,1250,40,,,0
7600,'5281',1040,,1685,32,,,0
7600,'5294',1040,,1691,32,,,0
24001000,'5087',639,,1796,28,,,0,105,,1798,28,,,0,1001,,1797,35,,,0
24001000,'5284',737,,1799,28,,,0
24001000,'5287',639,,1800,28,,,0,105,,1802,28,,,0,1001,,1801,35,,,0
