301,'4623',1624,,1151,6,0,30,0,101,,1152,6,0,30,0,194,,1153,6,0,28 29,0,115,,1154,6,0,28 29,0,115,,1155,6,0,28 29,0,105,,1156,6,0,28 29,0
301,'5087',624,,1161,6,0,28 29,0,101,,1160,6,0,28 29,0,29,,1157,6,0,28 29,0,51,,1158,6,0,30,0,39,,1162,6,0,30,0,60,,1172,6,0,28 29,0,40,,1163,6,0,28 29,0,100,,1164,6,0,30,0,100,,1165,6,0,30,0,108,,1166,6,0,28 29,0,95,,1167,6,0,30,0,89,,1168,6,0,30,0,104,,1170,6,0,30,0,111,,1171,6,0,30,0,168,,1169,6,0,30,0
301,'5088',1624,,1173,6,0,30,0,101,,1174,6,0,30,0,194,,1175,6,0,28 29,0,115,,1176,6,0,28 29,0,115,,1177,6,0,28 29,0
301,'5274',1014,,1178,6,0,28 29,0
301,'5276',1014,,1179,6,0,28 29,0
301,'5284',819,,1180,6,0,28 29,0,35,,1182,6,0,28 29,0,176,,1181,6,0,28 29,0,90,,1184,6,0,28 29,0,115,,1183,6,0,28 29,0,120,,1185,6,0,28 29,0,160,,1186,6,0,28 29,0,35,,1187,6,0,28 29,0,303,,1188,6,0,28 29,0
301,'5287',624,,1193,6,0,28 29,0,101,,1192,6,0,28 29,0,29,,1189,6,0,28 29,0,51,,1190,6,0,30,0,39,,1194,6,0,30,0,60,,1204,6,0,28 29,0,40,,1195,6,0,28 29,0,100,,1196,6,0,30,0,100,,1197,6,0,30,0,108,,1198,6,0,28 29,0,95,,1199,6,0,30,0,89,,1200,6,0,30,0,104,,1202,6,0,30,0,111,,1203,6,0,30,0,168,,1201,6,0,30,0
301,'5288',1624,,1205,6,0,30,0,101,,1206,6,0,30,0,194,,1207,6,0,28 29,0,115,,1208,6,0,28 29,0,115,,1209,6,0,28 29,0
301,'5291',1014,,1210,6,0,28 29,0
301,'5295',1014,,1211,6,0,28 29,0
301,'5298',1624,,1212,6,0,30,0,101,,1213,6,0,30,0,194,,1214,6,0,28 29,0,115,,1215,6,0,28 29,0,115,,1216,6,0,28 29,0,105,,1217,6,0,28 29,0
