201,'4623',1549,,1085,12,0,32,0,105,,1086,12,0,32,0,99,,1087,12,0,32,0,248,,1088,12,0,32,0,115,,1089,12,0,32,0,113,,1090,11,0,32,0
201,'5087',628,,1093,11,0,32,0,27,,1094,11,0,32,0,152,,1092,11,0,32,0,29,,1091,11,0,32,0,77,,1095,12,0,32,0,30,,1096,12,0,32,0,99,,1097,12,0,32,0,71,,1098,12,0,32,0,103,,1099,12,0,32,0,99,,1100,12,0,32,0,103,,1101,12,0,32,0,22,,1102,12,0,32,0,174,,1103,12,0,32,0,299,,1104,12,0,32,0
201,'5088',1549,,1105,12,0,32,0,105,,1106,12,0,32,0,99,,1107,12,0,32,0,248,,1108,12,0,32,0,115,,1109,12,0,32,0
201,'5274',1721,,1110,12,0,32,0
201,'5276',1721,,1111,12,0,32,0
201,'5284',822,,1121,12,0,32,0,111,,1112,12,0,32,0,110,,1113,12,0,32,0,161,,1114,12,0,32,0,113,,1115,12,0,32,0,120,,1116,12,0,32,0,197,,1117,12,0,32,0,109,,1118,12,0,32,0,80,,1119,12,0,32,0,114,,1120,12,0,32,0
201,'5287',628,,1125,11,0,32,0,27,,1126,11,0,32,0,152,,1124,11,0,32,0,29,,1122,11,0,32,0,77,,1127,12,0,32,0,30,,1128,12,0,32,0,99,,1129,12,0,32,0,71,,1130,12,0,32,0,103,,1131,12,0,32,0,99,,1132,12,0,32,0,103,,1133,12,0,32,0,22,,1134,12,0,32,0,174,,1136,12,0,32,0,299,,1137,12,0,32,0
201,'5288',1549,,1138,12,0,32,0,105,,1139,12,0,32,0,99,,1140,12,0,32,0,248,,1141,12,0,32,0,115,,1142,12,0,32,0
201,'5291',1721,,1143,12,0,32,0
201,'5295',1721,,1144,12,0,32,0
201,'5298',1549,,1145,12,0,32,0,105,,1146,12,0,32,0,99,,1147,12,0,32,0,248,,1148,12,0,32,0,115,,1149,12,0,32,0,113,,1150,11,0,32,0
18000201,'5087',1533,,1794,13,0,32 2 33 34,0
18000201,'5287',1533,,1795,13,0,32 2 33 34,0
