2000,'5087',711,,1288,44,,,0,225,,1289,44,,,0,322,,1290,44,,,0,573,,1291,34,,,0,119,,1292,34,,,0
2000,'5274',807,,1293,6,,,0
2000,'5276',807,,1294,6,,,0
2000,'5284',748,,1296,43,,,0,506,,1298,43,,,0,685,,1295,35,,,0
2000,'5287',711,,1299,44,,,0,225,,1300,44,,,0,322,,1301,44,,,0,573,,1302,34,,,0,119,,1303,34,,,0
2000,'5291',807,,1304,6,,,0
2000,'5295',807,,1305,6,,,0
7401,'5278',957,,1681,38,,,0
7401,'5292',957,,1682,38,,,0
9900,'5087',716,,1756,19,,,0,88,,1757,19,,,0,115,,1758,19,,,0,182,,1759,19,,,0,223,,1760,19,,,0,311,,1761,19,,,0,98,,1762,19,,,0,89,,1763,19,,,0
9900,'5284',1003,,1764,19,,,0,344,,1765,19,,,0,479,,1766,19,,,0
9900,'5287',716,,1767,19,,,0,88,,1768,19,,,0,115,,1769,19,,,0,182,,1770,19,,,0,223,,1771,19,,,0,311,,1772,19,,,0,98,,1773,19,,,0,89,,1774,19,,,0
