2001,'5087',506,,1306,9,,,0,220,,1307,9,,,0,324,,1308,11,,,0,576,,1309,11,,,0,124,,1310,11,,,0
2001,'5274',751,,1311,9,0,24 25,0
2001,'5276',751,,1312,9,0,24 25,0
2001,'5284',539,,1315,9,,,0,497,,1316,11,,,0,490,,1313,11,,,0
2001,'5287',506,,1317,9,,,0,220,,1318,9,,,0,324,,1319,11,,,0,576,,1320,11,,,0,124,,1321,11,,,0
2001,'5291',751,,1322,9,0,24 25,0
2001,'5295',751,,1323,9,0,24 25,0
7400,'5278',1632,,1679,12,,,0
7400,'5292',1632,,1680,12,,,0
9901,'5087',616,,1775,9,,,0,91,,1776,9,,,0,115,,1777,9,,,0,181,,1778,9,,,0,220,,1779,9,,,0,309,,1780,9,,,0,104,,1781,9,,,0,88,,1782,9,,,0
9901,'5284',904,,1783,9,,,0,344,,1784,9,,,0,475,,1785,9,,,0
9901,'5287',616,,1786,9,,,0,91,,1787,9,,,0,115,,1788,9,,,0,181,,1789,9,,,0,220,,1790,9,,,0,309,,1791,9,,,0,104,,1792,9,,,0,88,,1793,9,,,0
