301,'4623',1622,,1151,4,0,30,0,101,,1152,4,0,30,0,194,,1153,4,0,28 29,0,115,,1154,4,0,28 29,0,115,,1155,4,0,28 29,0,105,,1156,4,0,28 29,0
301,'5087',622,,1161,4,0,28 29,0,100,,1160,4,0,28 29,0,15,,1159,4,0,5 6 16,0,14,,1157,4,0,28 29,0,51,,1158,4,0,30,0,40,,1162,4,0,30,0,60,,1172,4,0,28 29,0,40,,1163,4,0,28 29,0,100,,1164,4,0,30,0,100,,1165,4,0,30,0,108,,1166,4,0,28 29,0,95,,1167,4,0,30,0,89,,1168,4,0,30,0,103,,1170,4,0,30,0,112,,1171,4,0,30,0,168,,1169,4,0,30,0
301,'5088',1622,,1173,4,0,30,0,101,,1174,4,0,30,0,194,,1175,4,0,28 29,0,115,,1176,4,0,28 29,0,115,,1177,4,0,28 29,0
301,'5274',1012,,1178,4,0,28 29,0
301,'5276',1012,,1179,4,0,28 29,0
301,'5284',817,,1180,4,0,28 29,0,35,,1182,4,0,28 29,0,175,,1181,4,0,28 29,0,90,,1184,4,0,28 29,0,115,,1183,4,0,28 29,0,120,,1185,4,0,28 29,0,160,,1186,4,0,28 29,0,35,,1187,4,0,28 29,0,303,,1188,4,0,28 29,0
301,'5287',622,,1193,4,0,28 29,0,100,,1192,4,0,28 29,0,15,,1191,4,0,5 6 16,0,14,,1189,4,0,28 29,0,51,,1190,4,0,30,0,40,,1194,4,0,30,0,60,,1204,4,0,28 29,0,40,,1195,4,0,28 29,0,100,,1196,4,0,30,0,100,,1197,4,0,30,0,108,,1198,4,0,28 29,0,95,,1199,4,0,30,0,89,,1200,4,0,30,0,103,,1202,4,0,30,0,112,,1203,4,0,30,0,168,,1201,4,0,30,0
301,'5288',1622,,1205,4,0,30,0,101,,1206,4,0,30,0,194,,1207,4,0,28 29,0,115,,1208,4,0,28 29,0,115,,1209,4,0,28 29,0
301,'5291',1012,,1210,4,0,28 29,0
301,'5295',1012,,1211,4,0,28 29,0
301,'5298',1622,,1212,4,0,30,0,101,,1213,4,0,30,0,194,,1214,4,0,28 29,0,115,,1215,4,0,28 29,0,115,,1216,4,0,28 29,0,105,,1217,4,0,28 29,0
1500,'5274',832,,1282,4,,,0,575,,1283,4,,,0,245,,1284,4,,,0
1500,'5295',832,,1285,4,,,0,575,,1286,4,,,0,245,,1287,4,,,0
7201,'5276',721,,1674,7,0,36,0,527,,1673,7,,,0,470,,1675,7,,,0
7201,'5291',721,,1677,7,0,36,0,527,,1676,7,,,0,470,,1678,7,,,0
