201,'4623',1558,,1085,24,,,0,145,,1086,24,,,0,98,,1087,24,,,0,208,,1088,24,,,0,115,,1089,24,,,0,113,,1090,23,,,0
201,'5087',636,,1093,23,,,0,68,,1094,23,,,0,113,,1092,23,,,0,28,,1091,23,,,0,77,,1095,24,,,0,29,,1096,24,,,0,103,,1097,26,,,0,68,,1098,24,,,0,106,,1099,26,,,0,96,,1100,24,,,0,106,,1101,26,,,0,19,,1102,24,,,0,176,,1103,26,,,0,296,,1104,24,,,0
201,'5088',1558,,1105,24,,,0,145,,1106,24,,,0,98,,1107,24,,,0,208,,1108,24,,,0,115,,1109,24,,,0
201,'5274',1729,,1110,24,,,0
201,'5276',1729,,1111,24,,,0
201,'5284',830,,1121,24,,,0,112,,1112,24,,,0,113,,1113,26,,,0,158,,1114,24,,,0,116,,1115,26,,,0,117,,1116,24,,,0,200,,1117,26,,,0,106,,1118,24,,,0,80,,1119,24,,,0,113,,1120,24,,,0
201,'5287',636,,1125,23,,,0,68,,1126,23,,,0,113,,1124,23,,,0,28,,1122,23,,,0,77,,1127,24,,,0,29,,1128,24,,,0,103,,1129,26,,,0,68,,1130,24,,,0,106,,1131,26,,,0,96,,1132,24,,,0,106,,1133,26,,,0,19,,1134,24,,,0,176,,1136,26,,,0,296,,1137,24,,,0
201,'5288',1558,,1138,24,,,0,145,,1139,24,,,0,98,,1140,24,,,0,208,,1141,24,,,0,115,,1142,24,,,0
201,'5291',1729,,1143,24,,,0
201,'5295',1729,,1144,24,,,0
201,'5298',1558,,1145,24,,,0,145,,1146,24,,,0,98,,1147,24,,,0,208,,1148,24,,,0,115,,1149,24,,,0,113,,1150,23,,,0
1001,'5087',729,,1251,38,,,0,105,,1255,38,,,0,187,,1252,38,,,0,503,,1256,38,,,0,231,,1253,38,,,0,89,,1254,38,,,0,179,,1257,38,,,0
1001,'5274',1344,,1258,38,,,0
1001,'5276',1344,,1259,38,,,0
1001,'5284',829,,1260,38,,,0,378,,1261,38,,,0,817,,1262,38,,,0
1001,'5287',729,,1263,38,,,0,105,,1267,38,,,0,187,,1264,38,,,0,503,,1268,38,,,0,231,,1265,38,,,0,89,,1266,38,,,0,179,,1269,38,,,0
1001,'5291',1344,,1270,38,,,0
1001,'5295',1344,,1271,38,,,0
