201,'4623',1544,,1085,6,0,32,0,105,,1086,6,0,32,0,99,,1087,6,0,32,0,209,,1088,6,0,32,0,155,,1089,6,0,32,0,113,,1090,5,0,32,0
201,'5087',624,,1093,5,0,32,0,26,,1094,5,0,32,0,151,,1092,5,0,32,0,30,,1091,5,0,32,0,77,,1095,6,0,32,0,30,,1096,6,0,32,0,99,,1097,6,0,32,0,71,,1098,6,0,32,0,102,,1099,6,0,32,0,100,,1100,6,0,32,0,103,,1101,6,0,32,0,22,,1102,6,0,32,0,174,,1103,6,0,32,0,299,,1104,6,0,32,0
201,'5088',1544,,1105,6,0,32,0,105,,1106,6,0,32,0,99,,1107,6,0,32,0,209,,1108,6,0,32,0,155,,1109,6,0,32,0
201,'5274',1716,,1110,6,0,32,0
201,'5276',1716,,1111,6,0,32,0
201,'5284',818,,1121,6,0,32,0,110,,1112,6,0,32,0,110,,1113,6,0,32,0,121,,1114,6,0,32,0,153,,1115,6,0,32,0,120,,1116,6,0,32,0,197,,1117,6,0,32,0,109,,1118,6,0,32,0,80,,1119,6,0,32,0,115,,1120,6,0,32,0
201,'5287',624,,1125,5,0,32,0,26,,1126,5,0,32,0,151,,1124,5,0,32,0,26,,1123,2,0,38 39,0,4,,1122,5,0,32,0,77,,1127,6,0,32,0,30,,1128,6,0,32,0,99,,1129,6,0,32,0,71,,1130,6,0,32,0,102,,1131,6,0,32,0,100,,1132,6,0,32,0,103,,1133,6,0,32,0,22,,1134,6,0,32,0,174,,1136,6,0,32,0,299,,1137,6,0,32,0
201,'5288',1544,,1138,6,0,32,0,105,,1139,6,0,32,0,99,,1140,6,0,32,0,209,,1141,6,0,32,0,155,,1142,6,0,32,0
201,'5291',1716,,1143,6,0,32,0
201,'5295',1716,,1144,6,0,32,0
201,'5298',1544,,1145,6,0,32,0,105,,1146,6,0,32,0,99,,1147,6,0,32,0,209,,1148,6,0,32,0,155,,1149,6,0,32,0,113,,1150,5,0,32,0
1000,'5087',854,,1234,6,,,0,499,,1236,6,,,0,265,,1235,6,,,0,236,,1237,6,,,0,196,,1238,6,,,0
1000,'5274',1213,,1239,6,,,0
1000,'5276',1213,,1240,6,,,0
1000,'5284',1031,,1241,6,,,0,498,,1242,6,,,0,326,,1243,6,,,0
1000,'5287',854,,1244,6,,,0,499,,1246,6,,,0,265,,1245,6,,,0,236,,1247,6,,,0,196,,1248,6,,,0
1000,'5291',1213,,1249,6,,,0
1000,'5295',1213,,1250,6,,,0
7600,'5281',1013,,1685,7,,,0
7600,'5294',1013,,1691,7,,,0
18000201,'5087',1522,,1794,5,0,32 2 33 34,0
18000201,'5287',1522,,1795,5,0,32 2 33 34,0
24001000,'5087',614,,1796,3,,,0,105,,1798,3,,,0,994,,1797,6,,,0
24001000,'5284',712,,1799,3,,,0
24001000,'5287',614,,1800,3,,,0,105,,1802,3,,,0,994,,1801,6,,,0
