3300,'5087',830,,1386,1,,,0,28,,1385,1,,,0,272,,1384,1,,,0,289,,1383,1,,,0,191,,1381,1,,,0,20,,1382,1,,,0
3300,'5284',1122,,1387,1,,,0,325,,1388,1,,,0,158,,1389,1,,,0
3300,'5287',830,,1395,1,,,0,28,,1394,1,,,0,272,,1393,1,,,0,289,,1392,1,,,0,191,,1390,1,,,0,20,,1391,1,,,0
3301,'5087',734,,1402,3,4,,0,803,,1397,3,4,,0
3301,'5287',734,,1412,3,4,,0,803,,1407,3,4,,0
3601,'5087',740,,1438,1,,,0,798,,1436,1,0,5 6,0,68,,1436,20,4,,0
3601,'5287',740,,1441,1,,,0,798,,1439,1,0,5 6,0,68,,1439,20,4,,0
9900,'5087',648,,1756,1,,,0,88,,1757,1,,,0,117,,1758,1,,,0,181,,1759,1,,,0,222,,1760,1,,,0,352,,1761,1,,,0,99,,1762,1,,,0,49,,1763,1,,,0
9900,'5284',936,,1764,1,,,0,384,,1765,1,,,0,439,,1766,1,,,0
9900,'5287',648,,1767,1,,,0,88,,1768,1,,,0,117,,1769,1,,,0,181,,1770,1,,,0,222,,1771,1,,,0,352,,1772,1,,,0,99,,1773,1,,,0,49,,1774,1,,,0
9901,'5087',639,,1775,29,4,,0,91,,1776,29,4,,0,115,,1777,29,4,,0,181,,1778,29,4,,0,222,,1779,29,4,,0,310,,1780,29,4,,0,142,,1781,29,4,,0,48,,1782,29,4,,0
9901,'5284',927,,1783,29,4,,0,384,,1784,29,4,,0,436,,1785,29,4,,0
9901,'5287',639,,1786,29,4,,0,91,,1787,29,4,,0,115,,1788,29,4,,0,181,,1789,29,4,,0,222,,1790,29,4,,0,310,,1791,29,4,,0,142,,1792,29,4,,0,48,,1793,29,4,,0
