301,'4623',1630,,1151,13,0,13,0,101,,1152,13,0,13,0,193,,1153,13,0,28 29,0,115,,1154,13,0,28 29,0,115,,1155,13,0,28 29,0,105,,1156,13,0,28 29,0
301,'5087',629,,1161,13,0,28 29,0,102,,1160,13,0,28 29,0,10,,1159,7,4,,0,59,,1157,13,0,28 29,0,11,,1158,13,0,13,0,39,,1162,13,0,13,0,60,,1172,13,0,28 29,0,40,,1163,13,0,28 29,0,100,,1164,13,0,13,0,100,,1165,13,0,13,0,108,,1166,13,0,28 29,0,95,,1167,13,0,13,0,89,,1168,13,0,13,0,104,,1170,13,0,13,0,111,,1171,13,0,13,0,168,,1169,13,0,13,0
301,'5088',1630,,1173,13,0,13,0,101,,1174,13,0,13,0,193,,1175,13,0,28 29,0,115,,1176,13,0,28 29,0,115,,1177,13,0,28 29,0
301,'5274',1020,,1178,13,0,28 29,0
301,'5276',1020,,1179,13,0,28 29,0
301,'5284',824,,1180,13,0,28 29,0,35,,1182,13,0,28 29,0,176,,1181,13,0,28 29,0,90,,1184,13,0,28 29,0,115,,1183,13,0,28 29,0,160,,1185,13,0,28 29,0,120,,1186,13,0,28 29,0,35,,1187,13,0,28 29,0,303,,1188,13,0,28 29,0
301,'5287',629,,1193,13,0,28 29,0,102,,1192,13,0,28 29,0,10,,1191,7,4,,0,59,,1189,13,0,28 29,0,11,,1190,13,0,13,0,39,,1194,13,0,13,0,60,,1204,13,0,28 29,0,40,,1195,13,0,28 29,0,100,,1196,13,0,13,0,100,,1197,13,0,13,0,108,,1198,13,0,28 29,0,95,,1199,13,0,13,0,89,,1200,13,0,13,0,104,,1202,13,0,13,0,111,,1203,13,0,13,0,168,,1201,13,0,13,0
301,'5288',1630,,1205,13,0,13,0,101,,1206,13,0,13,0,193,,1207,13,0,28 29,0,115,,1208,13,0,28 29,0,115,,1209,13,0,28 29,0
301,'5291',1020,,1210,13,0,28 29,0
301,'5295',1020,,1211,13,0,28 29,0
301,'5298',1630,,1212,13,0,13,0,101,,1213,13,0,13,0,193,,1214,13,0,28 29,0,115,,1215,13,0,28 29,0,115,,1216,13,0,28 29,0,105,,1217,13,0,28 29,0
