5700,'4623',900,,1659,1,,,0,55,,1659,7,4,,0,190,,1660,1,,,0
5700,'5298',900,,1661,1,,,0,55,,1661,7,4,,0,190,,1662,1,,,0
5801,'5283',635,,1663,1,0,40,0,210,,1663,8,4,,0,1005,,1664,1,0,40,0,205,,1664,8,4,,0
5801,'5297',635,,1665,1,0,40,0,210,,1665,8,4,,0,1005,,1666,1,0,40,0,205,,1666,8,4,,0
7601,'5277',1220,,1695,2,0,41 16,0
7601,'5280',1720,,1696,2,0,41 16,0
7601,'5281',830,,1697,2,,,0
7601,'5283',900,,1698,2,0,41 16,0,820,,1699,2,0,41 16,0
7601,'5286',710,,1700,2,0,41 16,0
7601,'5289',1220,,1701,2,0,41 16,0
7601,'5290',1720,,1702,2,0,41 16,0
7601,'5294',830,,1703,2,,,0
7601,'5296',710,,1704,2,0,41 16,0
7601,'5297',900,,1705,2,0,41 16,0,820,,1706,2,0,41 16,0
