2000,'5087',702,,1288,39,,,0,225,,1289,39,,,0,322,,1290,39,,,0,577,,1291,30,,,0,119,,1292,30,,,0
2000,'5274',758,,1293,1,,,0
2000,'5276',758,,1294,1,,,0
2000,'5284',739,,1296,38,,,0,506,,1298,38,,,0,480,,1297,30,4,,0,205,,1295,30,,,0
2000,'5287',702,,1299,39,,,0,225,,1300,39,,,0,322,,1301,39,,,0,577,,1302,30,,,0,119,,1303,30,,,0
2000,'5291',758,,1304,1,,,0
2000,'5295',758,,1305,1,,,0
7401,'5278',951,,1681,34,,,0
7401,'5292',951,,1682,34,,,0
9900,'5087',710,,1756,15,,,0,48,,1757,15,,,0,156,,1758,15,,,0,141,,1759,15,,,0,263,,1760,15,,,0,311,,1761,15,,,0,98,,1762,15,,,0,89,,1763,15,,,0
9900,'5284',957,,1764,15,,,0,384,,1765,15,,,0,479,,1766,15,,,0
9900,'5287',710,,1767,15,,,0,48,,1768,15,,,0,156,,1769,15,,,0,141,,1770,15,,,0,263,,1771,15,,,0,311,,1772,15,,,0,98,,1773,15,,,0,89,,1774,15,,,0
