1001,'5087',725,,1251,33,,,0,105,,1255,33,,,0,187,,1252,33,,,0,503,,1256,33,,,0,231,,1253,33,,,0,89,,1254,33,,,0,180,,1257,33,,,0
1001,'5274',1340,,1258,33,,,0
1001,'5276',1340,,1259,33,,,0
1001,'5284',825,,1260,33,,,0,378,,1261,33,,,0,817,,1262,33,,,0
1001,'5287',725,,1263,33,,,0,105,,1267,33,,,0,187,,1264,33,,,0,503,,1268,33,,,0,231,,1265,33,,,0,89,,1266,33,,,0,180,,1269,33,,,0
1001,'5291',1340,,1270,33,,,0
1001,'5295',1340,,1271,33,,,0
7601,'5281',932,,1697,32,,,0
7601,'5294',932,,1703,32,,,0
24001001,'5087',2204,,1803,27,,,0
24001001,'5284',1655,,1804,27,,,0
24001001,'5287',2204,,1805,27,,,0
