1000,'5087',935,,1234,49,4,,0,500,,1236,49,4,,0,270,,1235,49,4,,0,230,,1237,49,4,,0,195,,1238,49,4,,0
1000,'5274',1255,,1239,49,4,,0
1000,'5276',1255,,1240,49,4,,0
1000,'5284',1115,,1241,49,4,,0,500,,1242,49,4,,0,325,,1243,49,4,,0
1000,'5287',935,,1244,49,4,,0,500,,1246,49,4,,0,270,,1245,49,4,,0,230,,1247,49,4,,0,195,,1248,49,4,,0
1000,'5291',1255,,1249,49,4,,0
1000,'5295',1255,,1250,49,4,,0
1001,'5087',650,,1251,1,,,0,105,,1255,1,,,0,185,,1252,1,,,0,505,,1256,1,,,0,270,,1253,1,,,0,90,,1254,1,,,0,140,,1257,1,,,0
1001,'5274',1305,,1258,1,,,0
1001,'5276',1305,,1259,1,,,0
1001,'5284',750,,1260,1,,,0,375,,1261,1,,,0,820,,1262,1,,,0
1001,'5287',650,,1263,1,,,0,105,,1267,1,,,0,185,,1264,1,,,0,505,,1268,1,,,0,270,,1265,1,,,0,90,,1266,1,,,0,140,,1269,1,,,0
1001,'5291',1305,,1270,1,,,0
1001,'5295',1305,,1271,1,,,0
7601,'5277',1255,,1695,6,4,,0
7601,'5280',1755,,1696,6,4,,0
7601,'5281',905,,1697,6,,,0
7601,'5283',935,,1698,6,4,,0,820,,1699,6,4,,0
7601,'5286',745,,1700,6,4,,0
7601,'5289',1255,,1701,6,4,,0
7601,'5290',1755,,1702,6,4,,0
7601,'5294',905,,1703,6,,,0
7601,'5296',745,,1704,6,4,,0
7601,'5297',935,,1705,6,4,,0,820,,1706,6,4,,0
24001000,'5087',647,,1796,36,4,,0,105,,1798,36,4,,0,1005,,1797,44,4,,0
24001000,'5284',745,,1799,36,4,,0
24001000,'5287',647,,1800,36,4,,0,105,,1802,36,4,,0,1005,,1801,44,4,,0
24001001,'5087',2135,,1803,1,,,0
24001001,'5284',1620,,1804,1,,,0
24001001,'5287',2135,,1805,1,,,0
