2001,'5087',457,,1306,6,,,0,260,,1307,6,,,0,319,,1308,6,,,0,573,,1309,6,,,0,127,,1310,6,,,0
2001,'5274',742,,1311,6,0,24 25,0
2001,'5276',742,,1312,6,0,24 25,0
2001,'5284',530,,1315,6,,,0,492,,1316,6,,,0,490,,1313,6,,,0
2001,'5287',457,,1317,6,,,0,260,,1318,6,,,0,319,,1319,6,,,0,573,,1320,6,,,0,127,,1321,6,,,0
2001,'5291',742,,1322,6,0,24 25,0
2001,'5295',742,,1323,6,0,24 25,0
7400,'5278',1621,,1679,9,,,0
7400,'5292',1621,,1680,9,,,0
9901,'5087',607,,1775,6,,,0,51,,1776,6,,,0,154,,1777,6,,,0,141,,1778,6,,,0,259,,1779,6,,,0,310,,1780,6,,,0,105,,1781,6,,,0,88,,1782,6,,,0
9901,'5284',855,,1783,6,,,0,383,,1784,6,,,0,475,,1785,6,,,0
9901,'5287',607,,1786,6,,,0,51,,1787,6,,,0,154,,1788,6,,,0,141,,1789,6,,,0,259,,1790,6,,,0,310,,1791,6,,,0,105,,1792,6,,,0,88,,1793,6,,,0
