1000,'5087',913,,1234,26,,,0,500,,1236,26,,,0,227,,1235,26,,,0,272,,1237,26,,,0,196,,1238,26,,,0
1000,'5274',1233,,1239,26,,,0
1000,'5276',1233,,1240,26,,,0
1000,'5284',1051,,1241,26,,,0,500,,1242,26,,,0,365,,1243,26,,,0
1000,'5287',913,,1244,26,,,0,500,,1246,26,,,0,227,,1245,26,,,0,272,,1247,26,,,0,196,,1248,26,,,0
1000,'5291',1233,,1249,26,,,0
1000,'5295',1233,,1250,26,,,0
7600,'5281',1026,,1685,18,,,0
7600,'5294',1026,,1691,18,,,0
24001000,'5087',626,,1796,14,,,0,105,,1798,14,,,0,1001,,1797,21,,,0
24001000,'5284',724,,1799,14,,,0
24001000,'5287',626,,1800,14,,,0,105,,1802,14,,,0,1001,,1801,21,,,0
