100,'4623',1524,,1014,10,,,0,407,,1015,3,,,0,115,,1016,3,,,0,154,,1017,3,,,0,105,,1018,3,,,0
100,'5087',636,,1021,3,,,0,102,,1020,3,,,0,70,,1019,3,,,0,34,,1022,10,,,0,76,,1035,3,,,0,39,,1031,3,,,0,167,,1024,10,,,0,20,,1023,10,,,0,161,,1025,3,,,0,42,,1026,10,,,0,110,,1027,10,,,0,96,,1028,10,,,0,152,,1033,10,,,0,54,,1034,10,,,0,85,,1029,10,,,0
100,'5088',1524,,1036,10,,,0,407,,1037,3,,,0,115,,1038,3,,,0,154,,1039,3,,,0
100,'5274',1027,,1040,3,,,0,27,,1041,10,,,0
100,'5276',1027,,1042,3,,,0,27,,1043,10,,,0
100,'5284',831,,1044,3,,,0,75,,1046,3,,,0,99,,1047,10,,,0,37,,1045,3,,,0,90,,1048,3,,,0,115,,1049,3,,,0,160,,1050,3,,,0,120,,1051,3,,,0,75,,1052,3,,,0,108,,1053,10,,,0,195,,1054,3,,,0
100,'5287',636,,1057,3,,,0,102,,1056,3,,,0,70,,1055,3,,,0,34,,1058,10,,,0,76,,1071,3,,,0,39,,1067,3,,,0,167,,1060,10,,,0,20,,1059,10,,,0,161,,1061,3,,,0,42,,1062,10,,,0,110,,1063,10,,,0,96,,1064,10,,,0,152,,1069,10,,,0,54,,1070,10,,,0,85,,1065,10,,,0
100,'5288',1524,,1072,10,,,0,407,,1073,3,,,0,115,,1074,3,,,0,154,,1075,3,,,0
100,'5291',1027,,1076,3,,,0,27,,1077,10,,,0
100,'5295',1027,,1078,3,,,0,27,,1079,10,,,0
100,'5298',1524,,1080,10,,,0,407,,1081,3,,,0,115,,1082,3,,,0,154,,1083,3,,,0,105,,1084,3,,,0
