100,'4623',1524,,1014,9,,,0,407,,1015,2,,,0,115,,1016,2,,,0,154,,1017,2,,,0,105,,1018,2,,,0
100,'5087',636,,1021,2,,,0,102,,1020,2,,,0,70,,1019,2,,,0,34,,1022,9,,,0,76,,1035,2,,,0,39,,1031,2,,,0,167,,1024,9,,,0,20,,1023,9,,,0,161,,1025,2,,,0,42,,1026,9,,,0,110,,1027,9,,,0,96,,1028,9,,,0,152,,1033,9,,,0,54,,1034,9,,,0,85,,1029,9,,,0
100,'5088',1524,,1036,9,,,0,407,,1037,2,,,0,115,,1038,2,,,0,154,,1039,2,,,0
100,'5274',1027,,1040,2,,,0,27,,1041,9,,,0
100,'5276',1027,,1042,2,,,0,27,,1043,9,,,0
100,'5284',831,,1044,2,,,0,75,,1046,2,,,0,99,,1047,9,,,0,37,,1045,2,,,0,90,,1048,2,,,0,115,,1049,2,,,0,160,,1050,2,,,0,120,,1051,2,,,0,75,,1052,2,,,0,108,,1053,9,,,0,195,,1054,2,,,0
100,'5287',636,,1057,2,,,0,102,,1056,2,,,0,70,,1055,2,,,0,34,,1058,9,,,0,76,,1071,2,,,0,39,,1067,2,,,0,167,,1060,9,,,0,20,,1059,9,,,0,161,,1061,2,,,0,42,,1062,9,,,0,110,,1063,9,,,0,96,,1064,9,,,0,152,,1069,9,,,0,54,,1070,9,,,0,85,,1065,9,,,0
100,'5288',1524,,1072,9,,,0,407,,1073,2,,,0,115,,1074,2,,,0,154,,1075,2,,,0
100,'5291',1027,,1076,2,,,0,27,,1077,9,,,0
100,'5295',1027,,1078,2,,,0,27,,1079,9,,,0
100,'5298',1524,,1080,9,,,0,407,,1081,2,,,0,115,,1082,2,,,0,154,,1083,2,,,0,105,,1084,2,,,0
