201,'4623',1539,,1085,3,0,32,0,105,,1086,3,0,32,0,99,,1087,3,0,32,0,210,,1088,3,0,32,0,155,,1089,3,0,32,0,114,,1090,3,0,32,0
201,'5087',622,,1093,3,0,32,0,25,,1094,3,0,32,0,111,,1092,3,0,32,0,70,,1091,3,0,32,0,75,,1095,3,0,32,0,30,,1096,3,0,32,0,99,,1097,3,0,32,0,71,,1098,3,0,32,0,101,,1099,3,0,32,0,100,,1100,3,0,32,0,103,,1101,3,0,32,0,22,,1102,3,0,32,0,175,,1103,3,0,32,0,299,,1104,3,0,32,0
201,'5088',1539,,1105,3,0,32,0,105,,1106,3,0,32,0,99,,1107,3,0,32,0,210,,1108,3,0,32,0,155,,1109,3,0,32,0
201,'5274',1711,,1110,3,0,32,0
201,'5276',1711,,1111,3,0,32,0
201,'5284',813,,1121,3,0,32,0,110,,1112,3,0,32,0,110,,1113,3,0,32,0,121,,1114,3,0,32,0,153,,1115,3,0,32,0,120,,1116,3,0,32,0,197,,1117,3,0,32,0,109,,1118,3,0,32,0,80,,1119,3,0,32,0,115,,1120,3,0,32,0
201,'5287',622,,1125,3,0,32,0,25,,1126,3,0,32,0,111,,1124,3,0,32,0,70,,1122,3,0,32,0,75,,1127,3,0,32,0,30,,1128,3,0,32,0,99,,1129,3,0,32,0,71,,1130,3,0,32,0,101,,1131,3,0,32,0,100,,1132,3,0,32,0,103,,1133,3,0,32,0,22,,1134,3,0,32,0,175,,1136,3,0,32,0,299,,1137,3,0,32,0
201,'5288',1539,,1138,3,0,32,0,105,,1139,3,0,32,0,99,,1140,3,0,32,0,210,,1141,3,0,32,0,155,,1142,3,0,32,0
201,'5291',1711,,1143,3,0,32,0
201,'5295',1711,,1144,3,0,32,0
201,'5298',1539,,1145,3,0,32,0,105,,1146,3,0,32,0,99,,1147,3,0,32,0,210,,1148,3,0,32,0,155,,1149,3,0,32,0,114,,1150,3,0,32,0
401,'5087',1115,,1227,3,,,0,209,,1228,3,,,0,129,,1229,3,,,0
401,'5284',1406,,1230,3,,,0
401,'5287',1115,,1231,3,,,0,209,,1232,3,,,0,129,,1233,3,,,0
1000,'5087',849,,1234,3,,,0,498,,1236,3,,,0,266,,1235,3,,,0,236,,1237,3,,,0,196,,1238,3,,,0
1000,'5274',1207,,1239,3,,,0
1000,'5276',1207,,1240,3,,,0
1000,'5284',1026,,1241,3,,,0,498,,1242,3,,,0,326,,1243,3,,,0
1000,'5287',849,,1244,3,,,0,498,,1246,3,,,0,266,,1245,3,,,0,236,,1247,3,,,0,196,,1248,3,,,0
1000,'5291',1207,,1249,3,,,0
1000,'5295',1207,,1250,3,,,0
7200,'5276',848,,1668,8,4,,0,576,,1667,8,4,,0,419,,1669,6,4,,0
7200,'5291',848,,1671,8,4,,0,576,,1670,8,4,,0,419,,1672,6,4,,0
7401,'5278',1015,,1681,47,4,,0
7401,'5292',1015,,1682,47,4,,0
7600,'5281',1009,,1685,4,,,0
7600,'5294',1009,,1691,4,,,0
18000201,'5087',1518,,1794,3,0,32 2 33 34,0
18000201,'5287',1518,,1795,3,0,32 2 33 34,0
24001000,'5087',1708,,1797,3,,,0
24001000,'5287',1708,,1801,3,,,0
