4300,'4623',2200,,1472,39,4,,0
4300,'5087',1033,,1473,39,,,0,218,,1475,39,,,0,178,,1479,36,,,0,128,,1482,39,,,0,62,,1480,36,,,0,139,,1476,36,,,0,164,,1481,39,,,0
4300,'5284',931,,1490,39,,,0,201,,1484,39,,,0,312,,1486,39,,,0,182,,1487,39,,,0,126,,1488,39,,,0,167,,1489,39,,,0
4300,'5287',1033,,1491,39,,,0,218,,1493,39,,,0,178,,1497,36,,,0,128,,1500,44,,,0,62,,1498,36,,,0,139,,1494,36,,,0,164,,1499,39,,,0
4300,'5298',2200,,1502,39,4,,0
24004300,'5087',550,,1809,18,,,0,95,,1807,18,,,0,73,,1806,18,,,0,132,,1808,18,,,0
24004300,'5284',751,,1810,18,,,0
24004300,'5287',550,,1814,18,,,0,95,,1812,18,,,0,73,,1811,18,,,0,132,,1813,18,,,0
24004301,'4623',2200,,1815,1,,,0
24004301,'5298',2200,,1829,1,,,0
