1001,'5087',708,,1251,17,,,0,105,,1255,17,,,0,145,,1252,17,,,0,545,,1256,17,,,0,230,,1253,17,,,0,90,,1254,17,,,0,180,,1257,17,,,0
1001,'5274',1323,,1258,17,,,0
1001,'5276',1323,,1259,17,,,0
1001,'5284',808,,1260,17,,,0,336,,1261,17,,,0,859,,1262,17,,,0
1001,'5287',708,,1263,17,,,0,105,,1267,17,,,0,145,,1264,17,,,0,545,,1268,17,,,0,230,,1265,17,,,0,90,,1266,17,,,0,180,,1269,17,,,0
1001,'5291',1323,,1270,17,,,0
1001,'5295',1323,,1271,17,,,0
7601,'5281',919,,1697,19,,,0
7601,'5294',919,,1703,19,,,0
24001001,'5087',2150,,1803,14,,,0
24001001,'5284',1638,,1804,14,,,0
24001001,'5287',2150,,1805,14,,,0
