1001,'5087',658,,1251,9,,,0,145,,1255,9,,,0,145,,1252,9,,,0,505,,1256,9,,,0,270,,1253,9,,,0,90,,1254,9,,,0,140,,1257,9,,,0
1001,'5274',1313,,1258,9,,,0
1001,'5276',1313,,1259,9,,,0
1001,'5284',758,,1260,9,,,0,376,,1261,9,,,0,819,,1262,9,,,0
1001,'5287',658,,1263,9,,,0,145,,1267,9,,,0,145,,1264,9,,,0,505,,1268,9,,,0,270,,1265,9,,,0,90,,1266,9,,,0,140,,1269,9,,,0
1001,'5291',1313,,1270,9,,,0
1001,'5295',1313,,1271,9,,,0
7601,'5281',911,,1697,14,,,0
7601,'5294',911,,1703,14,,,0
24001001,'5087',2142,,1803,9,,,0
24001001,'5284',1628,,1804,9,,,0
24001001,'5287',2142,,1805,9,,,0
