1000,'5087',909,,1234,21,,,0,500,,1236,21,,,0,226,,1235,21,,,0,273,,1237,21,,,0,196,,1238,21,,,0
1000,'5274',1229,,1239,21,,,0
1000,'5276',1229,,1240,21,,,0
1000,'5284',1046,,1241,21,,,0,500,,1242,21,,,0,365,,1243,21,,,0
1000,'5287',909,,1244,21,,,0,500,,1246,21,,,0,226,,1245,21,,,0,273,,1247,21,,,0,196,,1248,21,,,0
1000,'5291',1229,,1249,21,,,0
1000,'5295',1229,,1250,21,,,0
7600,'5281',1023,,1685,17,,,0
7600,'5294',1023,,1691,17,,,0
24001000,'5087',623,,1796,13,,,0,105,,1798,13,,,0,999,,1797,16,,,0
24001000,'5284',721,,1799,13,,,0
24001000,'5287',623,,1800,13,,,0,105,,1802,13,,,0,999,,1801,16,,,0
