1,100,'4623',1014,1015,1016,1017,1018
1,100,'5087',1019,1020,1021,1022,1023,1024,1025,1026,1027,1028,1029,1030,1031,1032,1033,1034,1035
1,100,'5088',1036,1037,1038,1039
1,100,'5274',1040,1041
1,100,'5276',1042,1043
1,100,'5284',1044,1045,1046,1047,1048,1049,1050,1051,1052,1053,1054
1,100,'5287',1055,1056,1057,1058,1059,1060,1061,1062,1063,1064,1065,1066,1067,1068,1069,1070,1071
1,100,'5288',1072,1073,1074,1075
1,100,'5291',1076,1077
1,100,'5295',1078,1079
1,100,'5298',1080,1081,1082,1083,1084
2,201,'4623',1085,1086,1087,1088,1089,1090
2,201,'5087',1091,1092,1093,1094,1095,1096,1097,1098,1099,1100,1101,1102,1103,1104
2,201,'5088',1105,1106,1107,1108,1109
2,201,'5274',1110
2,201,'5276',1111
2,201,'5284',1112,1113,1114,1115,1116,1117,1118,1119,1120,1121
2,201,'5287',1122,1123,1124,1125,1126,1127,1128,1129,1130,1131,1132,1133,1134,1135,1136,1137
2,201,'5288',1138,1139,1140,1141,1142
2,201,'5291',1143
2,201,'5295',1144
2,201,'5298',1145,1146,1147,1148,1149,1150
3,301,'4623',1151,1152,1153,1154,1155,1156
3,301,'5087',1157,1158,1159,1160,1161,1162,1163,1164,1165,1166,1167,1168,1169,1170,1171,1172
3,301,'5088',1173,1174,1175,1176,1177
3,301,'5274',1178
3,301,'5276',1179
3,301,'5284',1180,1181,1182,1183,1184,1185,1186,1187,1188
3,301,'5287',1189,1190,1191,1192,1193,1194,1195,1196,1197,1198,1199,1200,1201,1202,1203,1204
3,301,'5288',1205,1206,1207,1208,1209
3,301,'5291',1210
3,301,'5295',1211
3,301,'5298',1212,1213,1214,1215,1216,1217
4,400,'4623',1218
4,400,'5087',1219,1220
4,400,'5088',1221
4,400,'5284',1222
4,400,'5287',1223,1224
4,400,'5288',1225
4,400,'5298',1226
4,401,'5087',1227,1228,1229
4,401,'5284',1230
4,401,'5287',1231,1232,1233
10,1000,'5087',1234,1235,1236,1237,1238
10,1000,'5274',1239
10,1000,'5276',1240
10,1000,'5284',1241,1242,1243
10,1000,'5287',1244,1245,1246,1247,1248
10,1000,'5291',1249
10,1000,'5295',1250
10,1001,'5087',1251,1252,1253,1254,1255,1256,1257
10,1001,'5274',1258
10,1001,'5276',1259
10,1001,'5284',1260,1261,1262
10,1001,'5287',1263,1264,1265,1266,1267,1268,1269
10,1001,'5291',1270
10,1001,'5295',1271
14,1401,'5087',1272
14,1401,'5274',1273,1274
14,1401,'5276',1275,1276
14,1401,'5287',1277
14,1401,'5291',1278,1279
14,1401,'5295',1280,1281
15,1500,'5274',1282,1283,1284
15,1500,'5295',1285,1286,1287
20,2000,'5087',1288,1289,1290,1291,1292
20,2000,'5274',1293
20,2000,'5276',1294
20,2000,'5284',1295,1296,1297,1298
20,2000,'5287',1299,1300,1301,1302,1303
20,2000,'5291',1304
20,2000,'5295',1305
20,2001,'5087',1306,1307,1308,1309,1310
20,2001,'5274',1311
20,2001,'5276',1312
20,2001,'5284',1313,1314,1315,1316
20,2001,'5287',1317,1318,1319,1320,1321
20,2001,'5291',1322
20,2001,'5295',1323
31,3101,'5087',1324,1325,1326,1327,1328,1329,1330,1331,1332,1333,1334,1335,1336,1337
31,3101,'5284',1338,1339,1340,1341,1342,1343,1344,1345
31,3101,'5287',1346,1347,1348,1349,1350,1351,1352,1353,1354,1355,1356,1357,1358,1359
32,3201,'5087',1360,1361,1362,1363,1364,1365,1366,1367,1368
32,3201,'5284',1369,1370,1371
32,3201,'5287',1372,1373,1374,1375,1376,1377,1378,1379,1380
33,3300,'5087',1381,1382,1383,1384,1385,1386
33,3300,'5284',1387,1388,1389
33,3300,'5287',1390,1391,1392,1393,1394,1395
33,3301,'5087',1396,1397,1398,1399,1400,1401,1402
33,3301,'5284',1403,1404,1405
33,3301,'5287',1406,1407,1408,1409,1410,1411,1412
34,3400,'5087',1413,1414,1415,1416,1417,1418,1419,1420,1421,1422
34,3400,'5284',1423,1424,1425
34,3400,'5287',1426,1427,1428,1429,1430,1431,1432,1433,1434,1435
36,3601,'5087',1436,1437,1438
36,3601,'5287',1439,1440,1441
38,3800,'5279',1442,1443
38,3800,'5293',1444,1445
41,4101,'5087',1446,1447,1448,1449,1450,1451
41,4101,'5284',1452,1453,1454
41,4101,'5287',1455,1456,1457,1458,1459,1460
42,4200,'5087',1461,1462,1463,1464
42,4200,'5284',1465,1466,1467
42,4200,'5287',1468,1469,1470,1471
43,4300,'4623',1472
43,4300,'5087',1473,1474,1475,1476,1477,1478,1479,1480,1481,1482,1483
43,4300,'5284',1484,1485,1486,1487,1488,1489,1490
43,4300,'5287',1491,1492,1493,1494,1495,1496,1497,1498,1499,1500,1501
43,4300,'5298',1502
43,4301,'5087',1503,1504,1505,1506,1507,1508,1509,1510,1511,1512,1513,1514
43,4301,'5284',1515,1516,1517,1518,1519
43,4301,'5287',1520,1521,1522,1523,1524,1525,1526,1527,1528,1529,1530,1531
44,4401,'4623',1532
44,4401,'5087',1533,1534,1535,1536,1537,1538,1539,1540,1541,1542,1543,1544
44,4401,'5284',1545,1546,1547,1548,1549
44,4401,'5287',1550,1551,1552,1553,1554,1555,1556,1557,1558,1559,1560,1561
44,4401,'5298',1562
45,4500,'5087',1563,1564,1565,1566
45,4500,'5287',1567,1568,1569,1570
46,4600,'4623',1571
46,4600,'5087',1572,1573,1574,1575,1576,1577,1578,1579,1580,1581
46,4600,'5284',1582,1583,1584,1585,1586
46,4600,'5287',1587,1588,1589,1590,1591,1592,1593,1594,1595,1596
46,4600,'5298',1597
46,4601,'4623',1598
46,4601,'5087',1599,1600,1601,1602,1603,1604,1605,1606,1607,1608,1609
46,4601,'5284',1610,1611,1612,1613,1614
46,4601,'5287',1615,1616,1617,1618,1619,1620,1621,1622,1623,1624,1625
46,4601,'5298',1626
51,5100,'4623',1627,1628
51,5100,'5275',1629,1630
51,5100,'5286',1631,1632
51,5100,'5296',1633,1634
51,5100,'5298',1635,1636
51,5100,'5299',1637,1638
52,5200,'5286',1639,1640,1641
52,5200,'5296',1642,1643,1644
52,5201,'5286',1645,1646,1647
52,5201,'5296',1648,1649,1650
53,5300,'4623',1651,1652
53,5300,'5298',1653,1654
53,5301,'4623',1655,1656
53,5301,'5298',1657,1658
57,5700,'4623',1659,1660
57,5700,'5298',1661,1662
58,5801,'5283',1663,1664
58,5801,'5297',1665,1666
72,7200,'5276',1667,1668,1669
72,7200,'5291',1670,1671,1672
72,7201,'5276',1673,1674,1675
72,7201,'5291',1676,1677,1678
74,7400,'5278',1679
74,7400,'5292',1680
74,7401,'5278',1681
74,7401,'5292',1682
76,7600,'5277',1683
76,7600,'5280',1684
76,7600,'5281',1685
76,7600,'5283',1686,1687
76,7600,'5286',1688
76,7600,'5289',1689
76,7600,'5290',1690
76,7600,'5294',1691
76,7600,'5296',1692
76,7600,'5297',1693,1694
76,7601,'5277',1695
76,7601,'5280',1696
76,7601,'5281',1697
76,7601,'5283',1698,1699
76,7601,'5286',1700
76,7601,'5289',1701
76,7601,'5290',1702
76,7601,'5294',1703
76,7601,'5296',1704
76,7601,'5297',1705,1706
98,9800,'4623',1707
98,9800,'5087',1708,1709,1710,1711,1712,1713,1714,1715
98,9800,'5284',1716,1717,1718
98,9800,'5287',1719,1720,1721,1722,1723,1724,1725,1726
98,9800,'5298',1727
98,9801,'4623',1728
98,9801,'5087',1729,1730,1731,1732,1733,1734,1735,1736,1737,1738,1739
98,9801,'5284',1740,1741,1742,1743
98,9801,'5287',1744,1745,1746,1747,1748,1749,1750,1751,1752,1753,1754
98,9801,'5298',1755
99,9900,'5087',1756,1757,1758,1759,1760,1761,1762,1763
99,9900,'5284',1764,1765,1766
99,9900,'5287',1767,1768,1769,1770,1771,1772,1773,1774
99,9901,'5087',1775,1776,1777,1778,1779,1780,1781,1782
99,9901,'5284',1783,1784,1785
99,9901,'5287',1786,1787,1788,1789,1790,1791,1792,1793
180002,18000201,'5087',1794
180002,18000201,'5287',1795
240010,24001000,'5087',1796,1797,1798
240010,24001000,'5284',1799
240010,24001000,'5287',1800,1801,1802
240010,24001001,'5087',1803
240010,24001001,'5284',1804
240010,24001001,'5287',1805
240043,24004300,'5087',1806,1807,1808,1809
240043,24004300,'5284',1810
240043,24004300,'5287',1811,1812,1813,1814
240043,24004301,'4623',1815
240043,24004301,'5087',1816,1817,1818,1819,1820
240043,24004301,'5284',1821,1822,1823
240043,24004301,'5287',1824,1825,1826,1827,1828
240043,24004301,'5298',1829
