201,'4623',1543,,1085,5,0,32,0,105,,1086,5,0,32,0,99,,1087,5,0,32,0,209,,1088,5,0,32,0,155,,1089,5,0,32,0
201,'5087',907,,1095,5,0,32,0,30,,1096,5,0,32,0,99,,1097,5,0,32,0,71,,1098,5,0,32,0,102,,1099,5,0,32,0,100,,1100,5,0,32,0,103,,1101,5,0,32,0,22,,1102,5,0,32,0,174,,1103,5,0,32,0,299,,1104,5,0,32,0
201,'5088',1543,,1105,5,0,32,0,105,,1106,5,0,32,0,99,,1107,5,0,32,0,209,,1108,5,0,32,0,155,,1109,5,0,32,0
201,'5274',1715,,1110,5,0,32,0
201,'5276',1715,,1111,5,0,32,0
201,'5284',817,,1121,5,0,32,0,110,,1112,5,0,32,0,110,,1113,5,0,32,0,121,,1114,5,0,32,0,153,,1115,5,0,32,0,120,,1116,5,0,32,0,197,,1117,5,0,32,0,109,,1118,5,0,32,0,80,,1119,5,0,32,0,115,,1120,5,0,32,0
201,'5287',907,,1127,5,0,32,0,30,,1128,5,0,32,0,99,,1129,5,0,32,0,71,,1130,5,0,32,0,102,,1131,5,0,32,0,100,,1132,5,0,32,0,103,,1133,5,0,32,0,22,,1134,5,0,32,0,174,,1136,5,0,32,0,299,,1137,5,0,32,0
201,'5288',1543,,1138,5,0,32,0,105,,1139,5,0,32,0,99,,1140,5,0,32,0,209,,1141,5,0,32,0,155,,1142,5,0,32,0
201,'5291',1715,,1143,5,0,32,0
201,'5295',1715,,1144,5,0,32,0
201,'5298',1543,,1145,5,0,32,0,105,,1146,5,0,32,0,99,,1147,5,0,32,0,209,,1148,5,0,32,0,155,,1149,5,0,32,0
1000,'5087',853,,1234,5,,,0,499,,1236,5,,,0,265,,1235,5,,,0,236,,1237,5,,,0,196,,1238,5,,,0
1000,'5274',1212,,1239,5,,,0
1000,'5276',1212,,1240,5,,,0
1000,'5284',1030,,1241,5,,,0,498,,1242,5,,,0,326,,1243,5,,,0
1000,'5287',853,,1244,5,,,0,499,,1246,5,,,0,265,,1245,5,,,0,236,,1247,5,,,0,196,,1248,5,,,0
1000,'5291',1212,,1249,5,,,0
1000,'5295',1212,,1250,5,,,0
7400,'5278',1605,,1679,1,,,0
7400,'5292',1605,,1680,1,,,0
7401,'5278',1020,,1681,49,4,,0
7401,'5292',1020,,1682,49,4,,0
7600,'5281',1013,,1685,6,,,0
7600,'5294',1013,,1691,6,,,0
24001000,'5087',1713,,1797,5,,,0
24001000,'5287',1713,,1801,5,,,0
