100,'4623',1525,,1014,12,,,0,407,,1015,5,,,0,115,,1016,5,,,0,154,,1017,5,,,0,105,,1018,5,,,0
100,'5087',637,,1021,5,,,0,102,,1020,5,,,0,70,,1019,5,,,0,34,,1022,12,,,0,76,,1035,5,,,0,39,,1031,5,,,0,167,,1024,12,,,0,20,,1023,12,,,0,161,,1025,5,,,0,42,,1026,12,,,0,110,,1027,12,,,0,96,,1028,12,,,0,152,,1033,12,,,0,94,,1034,12,,,0,45,,1029,12,,,0
100,'5088',1525,,1036,12,,,0,407,,1037,5,,,0,115,,1038,5,,,0,154,,1039,5,,,0
100,'5274',1028,,1040,5,,,0,27,,1041,12,,,0
100,'5276',1028,,1042,5,,,0,27,,1043,12,,,0
100,'5284',832,,1044,5,,,0,75,,1046,5,,,0,99,,1047,12,,,0,37,,1045,5,,,0,90,,1048,5,,,0,115,,1049,5,,,0,160,,1050,5,,,0,120,,1051,5,,,0,75,,1052,5,,,0,108,,1053,12,,,0,195,,1054,5,,,0
100,'5287',637,,1057,5,,,0,102,,1056,5,,,0,70,,1055,5,,,0,34,,1058,12,,,0,76,,1071,5,,,0,39,,1067,5,,,0,167,,1060,12,,,0,20,,1059,12,,,0,161,,1061,5,,,0,42,,1062,12,,,0,110,,1063,12,,,0,96,,1064,12,,,0,152,,1069,12,,,0,94,,1070,12,,,0,45,,1065,12,,,0
100,'5288',1525,,1072,12,,,0,407,,1073,5,,,0,115,,1074,5,,,0,154,,1075,5,,,0
100,'5291',1028,,1076,5,,,0,27,,1077,12,,,0
100,'5295',1028,,1078,5,,,0,27,,1079,12,,,0
100,'5298',1525,,1080,12,,,0,407,,1081,5,,,0,115,,1082,5,,,0,154,,1083,5,,,0,105,,1084,5,,,0
