100,'4623',1938,,1015,18,,,0,115,,1016,18,,,0,153,,1017,18,,,0,105,,1018,18,,,0
100,'5087',746,,1020,18,,,0,70,,1019,18,,,0,34,,1022,25,,,0,3,,1030,7,0,23 16,0,73,,1035,18,,,0,79,,1031,18,,,0,147,,1023,25,,,0,161,,1025,18,,,0,10,,1032,7,0,23 16,0,32,,1026,25,,,0,150,,1027,25,,,0,96,,1028,25,,,0,112,,1033,25,,,0,94,,1034,25,,,0,45,,1029,25,,,0
100,'5088',1938,,1037,18,,,0,115,,1038,18,,,0,153,,1039,18,,,0
100,'5274',1035,,1040,18,,,0,67,,1041,25,,,0
100,'5276',1035,,1042,18,,,0,67,,1043,25,,,0
100,'5284',838,,1044,18,,,0,75,,1046,18,,,0,99,,1047,25,,,0,37,,1045,18,,,0,90,,1048,18,,,0,115,,1049,18,,,0,160,,1050,18,,,0,120,,1051,18,,,0,75,,1052,18,,,0,108,,1053,25,,,0,195,,1054,18,,,0
100,'5287',746,,1056,18,,,0,70,,1055,18,,,0,34,,1058,25,,,0,3,,1066,7,0,23 16,0,73,,1071,18,,,0,79,,1067,18,,,0,147,,1059,25,,,0,161,,1061,18,,,0,10,,1068,7,0,23 16,0,32,,1062,25,,,0,150,,1063,25,,,0,96,,1064,25,,,0,112,,1069,25,,,0,94,,1070,25,,,0,45,,1065,25,,,0
100,'5288',1938,,1073,18,,,0,115,,1074,18,,,0,153,,1075,18,,,0
100,'5291',1035,,1076,18,,,0,67,,1077,25,,,0
100,'5295',1035,,1078,18,,,0,67,,1079,25,,,0
100,'5298',1938,,1081,18,,,0,115,,1082,18,,,0,153,,1083,18,,,0,105,,1084,18,,,0
7601,'5281',949,,1697,40,4,,0
7601,'5294',949,,1703,40,4,,0
