201,'4623',1556,,1085,21,,,0,145,,1086,21,,,0,58,,1087,21,,,0,248,,1088,21,,,0,115,,1089,21,,,0,113,,1090,20,,,0
201,'5087',634,,1093,20,,,0,68,,1094,20,,,0,113,,1092,20,,,0,28,,1091,20,,,0,77,,1095,21,,,0,29,,1096,21,,,0,103,,1097,23,,,0,68,,1098,21,,,0,106,,1099,23,,,0,96,,1100,21,,,0,106,,1101,23,,,0,19,,1102,21,,,0,176,,1103,23,,,0,296,,1104,21,,,0
201,'5088',1556,,1105,21,,,0,145,,1106,21,,,0,58,,1107,21,,,0,248,,1108,21,,,0,115,,1109,21,,,0
201,'5274',1727,,1110,21,,,0
201,'5276',1727,,1111,21,,,0
201,'5284',828,,1121,21,,,0,112,,1112,21,,,0,113,,1113,23,,,0,158,,1114,21,,,0,116,,1115,23,,,0,117,,1116,21,,,0,200,,1117,23,,,0,106,,1118,21,,,0,80,,1119,21,,,0,113,,1120,21,,,0
201,'5287',634,,1125,20,,,0,68,,1126,20,,,0,113,,1124,20,,,0,28,,1122,20,,,0,77,,1127,21,,,0,29,,1128,21,,,0,103,,1129,23,,,0,68,,1130,21,,,0,106,,1131,23,,,0,96,,1132,21,,,0,106,,1133,23,,,0,19,,1134,21,,,0,176,,1136,23,,,0,296,,1137,21,,,0
201,'5288',1556,,1138,21,,,0,145,,1139,21,,,0,58,,1140,21,,,0,248,,1141,21,,,0,115,,1142,21,,,0
201,'5291',1727,,1143,21,,,0
201,'5295',1727,,1144,21,,,0
201,'5298',1556,,1145,21,,,0,145,,1146,21,,,0,58,,1147,21,,,0,248,,1148,21,,,0,115,,1149,21,,,0,113,,1150,20,,,0
