1000,'5087',924,,1234,38,,,0,500,,1236,38,,,0,227,,1235,38,,,0,272,,1237,38,,,0,196,,1238,38,,,0
1000,'5274',1244,,1239,38,,,0
1000,'5276',1244,,1240,38,,,0
1000,'5284',1102,,1241,38,,,0,500,,1242,38,,,0,325,,1243,38,,,0
1000,'5287',924,,1244,38,,,0,500,,1246,38,,,0,227,,1245,38,,,0,272,,1247,38,,,0,196,,1248,38,,,0
1000,'5291',1244,,1249,38,,,0
1000,'5295',1244,,1250,38,,,0
7600,'5281',1038,,1685,30,,,0
7600,'5294',1038,,1691,30,,,0
24001000,'5087',638,,1796,26,,,0,105,,1798,26,,,0,1000,,1797,33,,,0
24001000,'5284',736,,1799,26,,,0
24001000,'5287',638,,1800,26,,,0,105,,1802,26,,,0,1000,,1801,33,,,0
