100,'4623',1527,,1014,16,,,0,407,,1015,9,,,0,115,,1016,9,,,0,154,,1017,9,,,0,105,,1018,9,,,0
100,'5087',639,,1021,9,,,0,102,,1020,9,,,0,70,,1019,9,,,0,34,,1022,16,,,0,76,,1035,9,,,0,79,,1031,9,,,0,127,,1024,16,,,0,20,,1023,16,,,0,161,,1025,9,,,0,42,,1026,16,,,0,150,,1027,16,,,0,56,,1028,16,,,0,152,,1033,16,,,0,94,,1034,16,,,0,45,,1029,16,,,0
100,'5088',1527,,1036,16,,,0,407,,1037,9,,,0,115,,1038,9,,,0,154,,1039,9,,,0
100,'5274',1030,,1040,9,,,0,27,,1041,16,,,0
100,'5276',1030,,1042,9,,,0,27,,1043,16,,,0
100,'5284',834,,1044,9,,,0,75,,1046,9,,,0,99,,1047,16,,,0,37,,1045,9,,,0,90,,1048,9,,,0,115,,1049,9,,,0,160,,1050,9,,,0,120,,1051,9,,,0,75,,1052,9,,,0,108,,1053,16,,,0,195,,1054,9,,,0
100,'5287',639,,1057,9,,,0,102,,1056,9,,,0,70,,1055,9,,,0,34,,1058,16,,,0,76,,1071,9,,,0,79,,1067,9,,,0,127,,1060,16,,,0,20,,1059,16,,,0,161,,1061,9,,,0,42,,1062,16,,,0,150,,1063,16,,,0,56,,1064,16,,,0,152,,1069,16,,,0,94,,1070,16,,,0,45,,1065,16,,,0
100,'5288',1527,,1072,16,,,0,407,,1073,9,,,0,115,,1074,9,,,0,154,,1075,9,,,0
100,'5291',1030,,1076,9,,,0,27,,1077,16,,,0
100,'5295',1030,,1078,9,,,0,27,,1079,16,,,0
100,'5298',1527,,1080,16,,,0,407,,1081,9,,,0,115,,1082,9,,,0,154,,1083,9,,,0,105,,1084,9,,,0
