2001,'5087',500,,1306,8,,,0,220,,1307,8,,,0,319,,1308,8,,,0,573,,1309,8,,,0,127,,1310,8,,,0
2001,'5274',745,,1311,8,0,24 25,0
2001,'5276',745,,1312,8,0,24 25,0
2001,'5284',533,,1315,8,,,0,492,,1316,8,,,0,490,,1313,8,,,0
2001,'5287',500,,1317,8,,,0,220,,1318,8,,,0,319,,1319,8,,,0,573,,1320,8,,,0,127,,1321,8,,,0
2001,'5291',745,,1322,8,0,24 25,0
2001,'5295',745,,1323,8,0,24 25,0
7400,'5278',1624,,1679,11,,,0
7400,'5292',1624,,1680,11,,,0
9901,'5087',610,,1775,8,,,0,91,,1776,8,,,0,114,,1777,8,,,0,141,,1778,8,,,0,259,,1779,8,,,0,310,,1780,8,,,0,105,,1781,8,,,0,88,,1782,8,,,0
9901,'5284',858,,1783,8,,,0,383,,1784,8,,,0,475,,1785,8,,,0
9901,'5287',610,,1786,8,,,0,91,,1787,8,,,0,114,,1788,8,,,0,141,,1789,8,,,0,259,,1790,8,,,0,310,,1791,8,,,0,105,,1792,8,,,0,88,,1793,8,,,0
