1000,'5087',931,,1234,46,,,0,500,,1236,46,,,0,269,,1235,46,,,0,231,,1237,46,,,0,195,,1238,46,,,0
1000,'5274',1251,,1239,46,,,0
1000,'5276',1251,,1240,46,,,0
1000,'5284',1111,,1241,46,,,0,500,,1242,46,,,0,325,,1243,46,,,0
1000,'5287',931,,1244,46,,,0,500,,1246,46,,,0,269,,1245,46,,,0,231,,1247,46,,,0,195,,1248,46,,,0
1000,'5291',1251,,1249,46,,,0
1000,'5295',1251,,1250,46,,,0
7600,'5281',1045,,1685,37,,,0
7600,'5294',1045,,1691,37,,,0
24001000,'5087',644,,1796,33,,,0,105,,1798,33,,,0,1004,,1797,41,,,0
24001000,'5284',742,,1799,33,,,0
24001000,'5287',644,,1800,33,,,0,105,,1802,33,,,0,1004,,1801,41,,,0
