100,'4623',1532,,1014,22,,,0,411,,1015,22,,,0,115,,1016,22,,,0,153,,1017,22,,,0,105,,1018,22,,,0
100,'5087',642,,1021,15,,,0,109,,1020,22,,,0,71,,1019,22,,,0,34,,1022,29,,,0,3,,1030,11,,,0,73,,1035,22,,,0,78,,1031,22,,,0,122,,1024,22,,,0,25,,1023,29,,,0,161,,1025,22,,,0,10,,1032,11,,,0,72,,1026,29,,,0,111,,1027,29,,,0,95,,1028,29,,,0,112,,1033,29,,,0,94,,1034,29,,,0,45,,1029,29,,,0
100,'5088',1532,,1036,22,,,0,411,,1037,22,,,0,115,,1038,22,,,0,153,,1039,22,,,0
100,'5274',1041,,1040,22,,,0,67,,1041,29,,,0
100,'5276',1041,,1042,22,,,0,67,,1043,29,,,0
100,'5284',843,,1044,22,,,0,75,,1046,22,,,0,99,,1047,29,,,0,37,,1045,22,,,0,90,,1048,22,,,0,115,,1049,22,,,0,160,,1050,22,,,0,120,,1051,22,,,0,75,,1052,22,,,0,108,,1053,29,,,0,195,,1054,22,,,0
100,'5287',642,,1057,15,,,0,109,,1056,22,,,0,71,,1055,22,,,0,34,,1058,29,,,0,3,,1066,11,,,0,73,,1071,22,,,0,78,,1067,22,,,0,122,,1060,22,,,0,25,,1059,29,,,0,161,,1061,22,,,0,10,,1068,11,,,0,72,,1062,29,,,0,111,,1063,29,,,0,95,,1064,29,,,0,112,,1069,29,,,0,94,,1070,29,,,0,45,,1065,29,,,0
100,'5288',1532,,1072,22,,,0,411,,1073,22,,,0,115,,1074,22,,,0,153,,1075,22,,,0
100,'5291',1041,,1076,22,,,0,67,,1077,29,,,0
100,'5295',1041,,1078,22,,,0,67,,1079,29,,,0
100,'5298',1532,,1080,22,,,0,411,,1081,22,,,0,115,,1082,22,,,0,153,,1083,22,,,0,105,,1084,22,,,0
201,'5287',831,,1124,33,,,0
301,'4623',1635,,1151,18,0,13,0,101,,1152,18,0,13,0
301,'5087',817,,1158,18,0,13,0,39,,1162,18,0,13,0,200,,1164,18,0,13,0,100,,1165,18,0,13,0,203,,1167,18,0,13,0,89,,1168,18,0,13,0,103,,1170,18,0,13,0,151,,1171,18,0,13,0,128,,1169,18,0,13,0
301,'5088',1635,,1173,18,0,13,0,101,,1174,18,0,13,0
301,'5287',817,,1190,18,0,13,0,39,,1194,18,0,13,0,200,,1196,18,0,13,0,100,,1197,18,0,13,0,203,,1199,18,0,13,0,89,,1200,18,0,13,0,103,,1202,18,0,13,0,151,,1203,18,0,13,0,128,,1201,18,0,13,0
301,'5288',1635,,1205,18,0,13,0,101,,1206,18,0,13,0
301,'5298',1635,,1212,18,0,13,0,101,,1213,18,0,13,0
7200,'5276',844,,1668,5,,,0,575,,1667,5,,,0,421,,1669,3,0,37,0
7200,'5291',844,,1671,5,,,0,575,,1670,5,,,0,421,,1672,3,0,37,0
