1001,'5087',650,,1251,2,,,0,105,,1255,2,,,0,185,,1252,2,,,0,505,,1256,2,,,0,270,,1253,2,,,0,90,,1254,2,,,0,140,,1257,2,,,0
1001,'5274',1305,,1258,2,,,0
1001,'5276',1305,,1259,2,,,0
1001,'5284',750,,1260,2,,,0,376,,1261,2,,,0,819,,1262,2,,,0
1001,'5287',650,,1263,2,,,0,105,,1267,2,,,0,185,,1264,2,,,0,505,,1268,2,,,0,270,,1265,2,,,0,90,,1266,2,,,0,140,,1269,2,,,0
1001,'5291',1305,,1270,2,,,0
1001,'5295',1305,,1271,2,,,0
7601,'5281',905,,1697,7,,,0
7601,'5294',905,,1703,7,,,0
24001001,'5087',2135,,1803,2,,,0
24001001,'5284',1620,,1804,2,,,0
24001001,'5287',2135,,1805,2,,,0
