4600,'4623',2106,,1571,8,0,11,0
4600,'5087',806,,1577,8,0,11,0,120,,1572,8,0,11,0,114,,1576,8,0,11,0,107,,1580,8,0,11,0,179,,1579,8,0,11,0,113,,1573,8,0,11,0,77,,1574,8,0,11,0,115,,1575,8,0,11,0,127,,1578,8,0,11,0,182,,1581,8,0,11,0
4600,'5284',829,,1586,8,0,11,0,308,,1585,8,0,11,0,317,,1582,8,0,11,0,195,,1583,8,0,11,0
4600,'5287',806,,1592,8,0,11,0,120,,1587,8,0,11,0,114,,1591,8,0,11,0,107,,1595,8,0,11,0,179,,1594,8,0,11,0,113,,1588,8,0,11,0,77,,1589,8,0,11,0,115,,1590,8,0,11,0,127,,1593,8,0,11,0,182,,1596,8,0,11,0
4600,'5298',2106,,1597,8,0,11,0
4601,'4623',2032,,1598,9,,,0
4601,'5087',851,,1599,9,,,0,154,,1606,14,,,0,107,,1608,9,,,0,139,,1607,14,,,0,153,,1600,9,,,0,35,,1603,9,,,0,116,,1601,14,,,0,168,,1602,9,,,0,183,,1609,9,,,0
4601,'5284',1103,,1613,14,,,0,316,,1610,14,,,0,195,,1611,14,,,0,237,,1612,9,,,0
4601,'5287',851,,1615,9,,,0,154,,1622,14,,,0,107,,1624,9,,,0,139,,1623,14,,,0,153,,1616,9,,,0,35,,1619,9,,,0,116,,1617,14,,,0,168,,1618,9,,,0,183,,1625,9,,,0
4601,'5298',2032,,1626,9,,,0
