201,'4623',1600,,1085,27,,,0,105,,1086,27,,,0,98,,1087,27,,,0,208,,1088,27,,,0,115,,1089,27,,,0,113,,1090,26,,,0
201,'5087',638,,1093,26,,,0,68,,1094,26,,,0,113,,1092,26,,,0,28,,1091,26,,,0,77,,1095,27,,,0,29,,1096,27,,,0,103,,1097,29,,,0,68,,1098,27,,,0,106,,1099,29,,,0,96,,1100,27,,,0,106,,1101,29,,,0,19,,1102,27,,,0,176,,1103,29,,,0,296,,1104,27,,,0
201,'5088',1600,,1105,27,,,0,105,,1106,27,,,0,98,,1107,27,,,0,208,,1108,27,,,0,115,,1109,27,,,0
201,'5274',1731,,1110,27,,,0
201,'5276',1731,,1111,27,,,0
201,'5284',831,,1121,27,,,0,113,,1112,27,,,0,113,,1113,29,,,0,158,,1114,27,,,0,116,,1115,29,,,0,117,,1116,27,,,0,200,,1117,29,,,0,106,,1118,27,,,0,80,,1119,27,,,0,113,,1120,27,,,0
201,'5287',638,,1125,26,,,0,68,,1126,26,,,0,113,,1124,26,,,0,28,,1122,26,,,0,77,,1127,27,,,0,29,,1128,27,,,0,103,,1129,29,,,0,68,,1130,27,,,0,106,,1131,29,,,0,96,,1132,27,,,0,106,,1133,29,,,0,19,,1134,27,,,0,176,,1136,29,,,0,296,,1137,27,,,0
201,'5288',1600,,1138,27,,,0,105,,1139,27,,,0,98,,1140,27,,,0,208,,1141,27,,,0,115,,1142,27,,,0
201,'5291',1731,,1143,27,,,0
201,'5295',1731,,1144,27,,,0
201,'5298',1600,,1145,27,,,0,105,,1146,27,,,0,98,,1147,27,,,0,208,,1148,27,,,0,115,,1149,27,,,0,113,,1150,26,,,0
1001,'5087',730,,1251,41,,,0,105,,1255,41,,,0,188,,1252,41,,,0,503,,1256,41,,,0,231,,1253,41,,,0,89,,1254,41,,,0,179,,1257,41,,,0
1001,'5274',1346,,1258,41,,,0
1001,'5276',1346,,1259,41,,,0
1001,'5284',831,,1260,41,,,0,378,,1261,41,,,0,817,,1262,41,,,0
1001,'5287',730,,1263,41,,,0,105,,1267,41,,,0,188,,1264,41,,,0,503,,1268,41,,,0,231,,1265,41,,,0,89,,1266,41,,,0,179,,1269,41,,,0
1001,'5291',1346,,1270,41,,,0
1001,'5295',1346,,1271,41,,,0
