1001,'5087',716,,1251,26,,,0,105,,1255,26,,,0,186,,1252,26,,,0,504,,1256,26,,,0,231,,1253,26,,,0,89,,1254,26,,,0,180,,1257,26,,,0
1001,'5274',1331,,1258,26,,,0
1001,'5276',1331,,1259,26,,,0
1001,'5284',816,,1260,26,,,0,337,,1261,26,,,0,858,,1262,26,,,0
1001,'5287',716,,1263,26,,,0,105,,1267,26,,,0,186,,1264,26,,,0,504,,1268,26,,,0,231,,1265,26,,,0,89,,1266,26,,,0,180,,1269,26,,,0
1001,'5291',1331,,1270,26,,,0
1001,'5295',1331,,1271,26,,,0
7601,'5281',926,,1697,25,,,0
7601,'5294',926,,1703,25,,,0
24001001,'5087',2157,,1803,20,,,0
24001001,'5284',1647,,1804,20,,,0
24001001,'5287',2157,,1805,20,,,0
