1000,'5087',901,,1234,16,,,0,500,,1236,16,,,0,225,,1235,16,,,0,275,,1237,16,,,0,156,,1238,16,,,0
1000,'5274',1221,,1239,16,,,0
1000,'5276',1221,,1240,16,,,0
1000,'5284',1038,,1241,16,,,0,499,,1242,16,,,0,366,,1243,16,,,0
1000,'5287',901,,1244,16,,,0,500,,1246,16,,,0,225,,1245,16,,,0,275,,1247,16,,,0,156,,1248,16,,,0
1000,'5291',1221,,1249,16,,,0
1000,'5295',1221,,1250,16,,,0
7600,'5281',1017,,1685,12,,,0
7600,'5294',1017,,1691,12,,,0
24001000,'5087',617,,1796,8,,,0,105,,1798,8,,,0,996,,1797,11,,,0
24001000,'5284',715,,1799,8,,,0
24001000,'5287',617,,1800,8,,,0,105,,1802,8,,,0,996,,1801,11,,,0
