100,'4623',1938,,1015,17,,,0,115,,1016,17,,,0,153,,1017,17,,,0,105,,1018,17,,,0
100,'5087',746,,1020,17,,,0,70,,1019,17,,,0,34,,1022,24,,,0,3,,1030,6,0,23 16,0,73,,1035,17,,,0,79,,1031,17,,,0,147,,1023,24,,,0,161,,1025,17,,,0,10,,1032,6,0,23 16,0,32,,1026,24,,,0,150,,1027,24,,,0,96,,1028,24,,,0,112,,1033,24,,,0,94,,1034,24,,,0,45,,1029,24,,,0
100,'5088',1938,,1037,17,,,0,115,,1038,17,,,0,153,,1039,17,,,0
100,'5274',1035,,1040,17,,,0,67,,1041,24,,,0
100,'5276',1035,,1042,17,,,0,67,,1043,24,,,0
100,'5284',838,,1044,17,,,0,75,,1046,17,,,0,99,,1047,24,,,0,37,,1045,17,,,0,90,,1048,17,,,0,115,,1049,17,,,0,160,,1050,17,,,0,120,,1051,17,,,0,75,,1052,17,,,0,108,,1053,24,,,0,195,,1054,17,,,0
100,'5287',746,,1056,17,,,0,70,,1055,17,,,0,34,,1058,24,,,0,3,,1066,6,0,23 16,0,73,,1071,17,,,0,79,,1067,17,,,0,147,,1059,24,,,0,161,,1061,17,,,0,10,,1068,6,0,23 16,0,32,,1062,24,,,0,150,,1063,24,,,0,96,,1064,24,,,0,112,,1069,24,,,0,94,,1070,24,,,0,45,,1065,24,,,0
100,'5288',1938,,1073,17,,,0,115,,1074,17,,,0,153,,1075,17,,,0
100,'5291',1035,,1076,17,,,0,67,,1077,24,,,0
100,'5295',1035,,1078,17,,,0,67,,1079,24,,,0
100,'5298',1938,,1081,17,,,0,115,,1082,17,,,0,153,,1083,17,,,0,105,,1084,17,,,0
7601,'5281',948,,1697,39,4,,0
7601,'5294',948,,1703,39,4,,0
