100,'4623',1941,,1015,20,,,0,115,,1016,20,,,0,153,,1017,20,,,0,105,,1018,20,,,0
100,'5087',749,,1020,20,,,0,70,,1019,20,,,0,34,,1022,27,,,0,3,,1030,9,,,0,73,,1035,20,,,0,79,,1031,20,,,0,147,,1023,27,,,0,161,,1025,20,,,0,10,,1032,9,,,0,32,,1026,27,,,0,151,,1027,27,,,0,95,,1028,27,,,0,112,,1033,27,,,0,94,,1034,27,,,0,45,,1029,27,,,0
100,'5088',1941,,1037,20,,,0,115,,1038,20,,,0,153,,1039,20,,,0
100,'5274',1038,,1040,20,,,0,67,,1041,27,,,0
100,'5276',1038,,1042,20,,,0,67,,1043,27,,,0
100,'5284',841,,1044,20,,,0,75,,1046,20,,,0,99,,1047,27,,,0,37,,1045,20,,,0,90,,1048,20,,,0,115,,1049,20,,,0,160,,1050,20,,,0,120,,1051,20,,,0,75,,1052,20,,,0,108,,1053,27,,,0,195,,1054,20,,,0
100,'5287',749,,1056,20,,,0,70,,1055,20,,,0,34,,1058,27,,,0,3,,1066,9,,,0,73,,1071,20,,,0,79,,1067,20,,,0,147,,1059,27,,,0,161,,1061,20,,,0,10,,1068,9,,,0,32,,1062,27,,,0,151,,1063,27,,,0,95,,1064,27,,,0,112,,1069,27,,,0,94,,1070,27,,,0,45,,1065,27,,,0
100,'5288',1941,,1073,20,,,0,115,,1074,20,,,0,153,,1075,20,,,0
100,'5291',1038,,1076,20,,,0,67,,1077,27,,,0
100,'5295',1038,,1078,20,,,0,67,,1079,27,,,0
100,'5298',1941,,1081,20,,,0,115,,1082,20,,,0,153,,1083,20,,,0,105,,1084,20,,,0
201,'5287',828,,1124,29,,,0
