100,'4623',1942,,1015,21,,,0,115,,1016,21,,,0,153,,1017,21,,,0,105,,1018,21,,,0
100,'5087',750,,1020,21,,,0,70,,1019,21,,,0,34,,1022,28,,,0,3,,1030,10,,,0,73,,1035,21,,,0,79,,1031,21,,,0,147,,1023,28,,,0,161,,1025,21,,,0,10,,1032,10,,,0,32,,1026,28,,,0,150,,1027,28,,,0,96,,1028,28,,,0,112,,1033,28,,,0,94,,1034,28,,,0,45,,1029,28,,,0
100,'5088',1942,,1037,21,,,0,115,,1038,21,,,0,153,,1039,21,,,0
100,'5274',1039,,1040,21,,,0,67,,1041,28,,,0
100,'5276',1039,,1042,21,,,0,67,,1043,28,,,0
100,'5284',842,,1044,21,,,0,75,,1046,21,,,0,99,,1047,28,,,0,37,,1045,21,,,0,90,,1048,21,,,0,115,,1049,21,,,0,160,,1050,21,,,0,120,,1051,21,,,0,75,,1052,21,,,0,108,,1053,28,,,0,195,,1054,21,,,0
100,'5287',750,,1056,21,,,0,70,,1055,21,,,0,34,,1058,28,,,0,3,,1066,10,,,0,73,,1071,21,,,0,79,,1067,21,,,0,147,,1059,28,,,0,161,,1061,21,,,0,10,,1068,10,,,0,32,,1062,28,,,0,150,,1063,28,,,0,96,,1064,28,,,0,112,,1069,28,,,0,94,,1070,28,,,0,45,,1065,28,,,0
100,'5288',1942,,1073,21,,,0,115,,1074,21,,,0,153,,1075,21,,,0
100,'5291',1039,,1076,21,,,0,67,,1077,28,,,0
100,'5295',1039,,1078,21,,,0,67,,1079,28,,,0
100,'5298',1942,,1081,21,,,0,115,,1082,21,,,0,153,,1083,21,,,0,105,,1084,21,,,0
201,'5287',828,,1124,30,,,0,2,,1124,32,,,0
