100,'4623',1522,,1014,6,0,29 2 35 23,0
100,'5087',840,,1022,6,0,29,0,282,,1024,6,0,29 2 35 23,0,20,,1023,6,0,29,0,203,,1026,6,0,29,0,110,,1027,6,0,29,0,96,,1028,6,0,29,0,152,,1033,6,0,29,0,54,,1034,6,0,29,0,85,,1029,6,0,29,0
100,'5088',1522,,1036,6,0,29 2 35 23,0
100,'5274',1052,,1041,6,0,29,0
100,'5276',1052,,1043,6,0,29,0
100,'5284',1003,,1047,6,0,29,0,705,,1053,6,0,29,0
100,'5287',840,,1058,6,0,29,0,282,,1060,6,0,29 2 35 23,0,20,,1059,6,0,29,0,203,,1062,6,0,29,0,110,,1063,6,0,29,0,96,,1064,6,0,29,0,152,,1069,6,0,29,0,54,,1070,6,0,29,0,85,,1065,6,0,29,0
100,'5288',1522,,1072,6,0,29 2 35 23,0
100,'5291',1052,,1077,6,0,29,0
100,'5295',1052,,1079,6,0,29,0
100,'5298',1522,,1080,6,0,29 2 35 23,0
301,'4623',1929,,1153,20,0,28 29,0,115,,1154,20,0,28 29,0,114,,1155,20,0,28 29,0,145,,1156,20,0,28 29,0
301,'5087',634,,1161,20,0,28 29,0,102,,1160,20,0,28 29,0,70,,1157,20,0,28 29,0,110,,1172,20,0,28 29,0,39,,1163,20,0,28 29,0,348,,1166,20,0,28 29,0
301,'5088',1929,,1175,20,0,28 29,0,115,,1176,20,0,28 29,0,114,,1177,20,0,28 29,0
301,'5274',1025,,1178,20,0,28 29,0
301,'5276',1025,,1179,20,0,28 29,0
301,'5284',829,,1180,20,0,28 29,0,75,,1182,20,0,28 29,0,136,,1181,20,0,28 29,0,90,,1184,20,0,28 29,0,115,,1183,20,0,28 29,0,160,,1185,20,0,28 29,0,120,,1186,20,0,28 29,0,75,,1187,20,0,28 29,0,303,,1188,20,0,28 29,0
301,'5287',634,,1193,20,0,28 29,0,102,,1192,20,0,28 29,0,70,,1189,20,0,28 29,0,110,,1204,20,0,28 29,0,39,,1195,20,0,28 29,0,348,,1198,20,0,28 29,0
301,'5288',1929,,1207,20,0,28 29,0,115,,1208,20,0,28 29,0,114,,1209,20,0,28 29,0
301,'5291',1025,,1210,20,0,28 29,0
301,'5295',1025,,1211,20,0,28 29,0
301,'5298',1929,,1214,20,0,28 29,0,115,,1215,20,0,28 29,0,114,,1216,20,0,28 29,0,145,,1217,20,0,28 29,0
