1001,'5087',657,,1251,8,,,0,145,,1255,8,,,0,145,,1252,8,,,0,505,,1256,8,,,0,270,,1253,8,,,0,90,,1254,8,,,0,140,,1257,8,,,0
1001,'5274',1312,,1258,8,,,0
1001,'5276',1312,,1259,8,,,0
1001,'5284',757,,1260,8,,,0,376,,1261,8,,,0,819,,1262,8,,,0
1001,'5287',657,,1263,8,,,0,145,,1267,8,,,0,145,,1264,8,,,0,505,,1268,8,,,0,270,,1265,8,,,0,90,,1266,8,,,0,140,,1269,8,,,0
1001,'5291',1312,,1270,8,,,0
1001,'5295',1312,,1271,8,,,0
7601,'5281',910,,1697,13,,,0
7601,'5294',910,,1703,13,,,0
24001001,'5087',2141,,1803,8,,,0
24001001,'5284',1627,,1804,8,,,0
24001001,'5287',2141,,1805,8,,,0
