1000,'5087',907,,1234,20,,,0,500,,1236,20,,,0,226,,1235,20,,,0,273,,1237,20,,,0,196,,1238,20,,,0
1000,'5274',1227,,1239,20,,,0
1000,'5276',1227,,1240,20,,,0
1000,'5284',1045,,1241,20,,,0,499,,1242,20,,,0,366,,1243,20,,,0
1000,'5287',907,,1244,20,,,0,500,,1246,20,,,0,226,,1245,20,,,0,273,,1247,20,,,0,196,,1248,20,,,0
1000,'5291',1227,,1249,20,,,0
1000,'5295',1227,,1250,20,,,0
7600,'5281',1021,,1685,16,,,0
7600,'5294',1021,,1691,16,,,0
24001000,'5087',622,,1796,12,,,0,105,,1798,12,,,0,998,,1797,15,,,0
24001000,'5284',720,,1799,12,,,0
24001000,'5287',622,,1800,12,,,0,105,,1802,12,,,0,998,,1801,15,,,0
