100,'4623',1936,,1015,15,,,0,115,,1016,15,,,0,154,,1017,15,,,0,105,,1018,15,,,0
100,'5087',744,,1020,15,,,0,70,,1019,15,,,0,34,,1022,22,,,0,4,,1030,4,0,23 16,0,72,,1035,15,,,0,79,,1031,15,,,0,147,,1023,22,,,0,161,,1025,15,,,0,11,,1032,4,0,23 16,0,31,,1026,22,,,0,150,,1027,22,,,0,56,,1028,22,,,0,152,,1033,22,,,0,94,,1034,22,,,0,45,,1029,22,,,0
100,'5088',1936,,1037,15,,,0,115,,1038,15,,,0,154,,1039,15,,,0
100,'5274',1033,,1040,15,,,0,67,,1041,22,,,0
100,'5276',1033,,1042,15,,,0,67,,1043,22,,,0
100,'5284',836,,1044,15,,,0,75,,1046,15,,,0,99,,1047,22,,,0,37,,1045,15,,,0,90,,1048,15,,,0,115,,1049,15,,,0,160,,1050,15,,,0,120,,1051,15,,,0,75,,1052,15,,,0,108,,1053,22,,,0,195,,1054,15,,,0
100,'5287',744,,1056,15,,,0,70,,1055,15,,,0,34,,1058,22,,,0,4,,1066,4,0,23 16,0,72,,1071,15,,,0,79,,1067,15,,,0,147,,1059,22,,,0,161,,1061,15,,,0,11,,1068,4,0,23 16,0,31,,1062,22,,,0,150,,1063,22,,,0,56,,1064,22,,,0,152,,1069,22,,,0,94,,1070,22,,,0,45,,1065,22,,,0
100,'5288',1936,,1073,15,,,0,115,,1074,15,,,0,154,,1075,15,,,0
100,'5291',1033,,1076,15,,,0,67,,1077,22,,,0
100,'5295',1033,,1078,15,,,0,67,,1079,22,,,0
100,'5298',1936,,1081,15,,,0,115,,1082,15,,,0,154,,1083,15,,,0,105,,1084,15,,,0
