100,'4623',1533,,1014,23,4,,0,411,,1015,23,4,,0,115,,1016,23,4,,0,153,,1017,23,4,,0,105,,1018,23,4,,0
100,'5087',643,,1021,16,4,,0,109,,1020,23,4,,0,259,,1031,23,4,,0,147,,1023,30,4,,0,161,,1025,23,4,,0,10,,1032,12,4,,0,72,,1026,30,4,,0,111,,1027,30,4,,0,95,,1028,30,4,,0,112,,1033,30,4,,0,94,,1034,30,4,,0,45,,1029,30,4,,0
100,'5088',1533,,1036,23,4,,0,411,,1037,23,4,,0,115,,1038,23,4,,0,153,,1039,23,4,,0
100,'5284',844,,1044,23,4,,0,75,,1046,23,4,,0,99,,1047,30,4,,0,127,,1048,23,4,,0,155,,1049,23,4,,0,120,,1050,23,4,,0,195,,1052,23,4,,0,108,,1053,30,4,,0,195,,1054,23,4,,0
100,'5287',643,,1057,16,4,,0,109,,1056,23,4,,0,259,,1067,23,4,,0,147,,1059,30,4,,0,161,,1061,23,4,,0,10,,1068,12,4,,0,72,,1062,30,4,,0,111,,1063,30,4,,0,95,,1064,30,4,,0,112,,1069,30,4,,0,94,,1070,30,4,,0,45,,1065,30,4,,0
100,'5288',1533,,1072,23,4,,0,411,,1073,23,4,,0,115,,1074,23,4,,0,153,,1075,23,4,,0
100,'5298',1533,,1080,23,4,,0,411,,1081,23,4,,0,115,,1082,23,4,,0,153,,1083,23,4,,0,105,,1084,23,4,,0
201,'4623',1535,,1085,1,0,32,0,105,,1086,1,0,32,0,100,,1087,1,0,32,0,210,,1088,1,0,32,0,155,,1089,1,0,32,0,115,,1090,1,0,32,0
201,'5087',620,,1093,1,0,32,0,24,,1093,30,4,,0,1,,1094,1,0,32,0,110,,1092,1,0,32,0,71,,1091,1,0,32,0,33,,1091,31,4,,0,41,,1095,1,0,32,0,30,,1096,1,0,32,0,75,,1096,32,4,,0,24,,1097,1,0,32,0,30,,1098,1,0,32,0,50,,1097,34,4,,0,91,,1099,1,0,32,0,100,,1100,1,0,32,0,103,,1101,1,0,32,0,22,,1102,1,0,32,0,21,,1101,34,4,,0,154,,1103,1,0,32,0,300,,1104,1,0,32,0,34,,1104,32,4,,0
201,'5088',1535,,1105,1,0,32,0,105,,1106,1,0,32,0,100,,1107,1,0,32,0,210,,1108,1,0,32,0,155,,1109,1,0,32,0
201,'5274',1707,,1110,1,0,32,0
201,'5276',1707,,1111,1,0,32,0
201,'5284',810,,1121,1,0,32,0,32,,1121,32,4,,0,78,,1112,1,0,32,0,110,,1113,1,0,32,0,120,,1114,1,0,32,0,153,,1115,1,0,32,0,120,,1116,1,0,32,0,197,,1117,1,0,32,0,110,,1118,1,0,32,0,75,,1118,32,4,,0,5,,1119,1,0,32,0,115,,1120,1,0,32,0,33,,1120,32,4,,0
201,'5287',620,,1125,1,0,32,0,24,,1125,30,4,,0,1,,1126,1,0,32,0,110,,1124,1,0,32,0,67,,1123,1,0,38 39,0,4,,1122,1,0,32,0,33,,1122,31,4,,0,41,,1127,1,0,32,0,30,,1128,1,0,32,0,75,,1128,32,4,,0,24,,1129,1,0,32,0,30,,1130,1,0,32,0,50,,1129,34,4,,0,91,,1131,1,0,32,0,100,,1132,1,0,32,0,103,,1133,1,0,32,0,22,,1134,1,0,32,0,21,,1133,34,4,,0,154,,1136,1,0,32,0,300,,1137,1,0,32,0,34,,1137,32,4,,0
201,'5288',1535,,1138,1,0,32,0,105,,1139,1,0,32,0,100,,1140,1,0,32,0,210,,1141,1,0,32,0,155,,1142,1,0,32,0
201,'5291',1707,,1143,1,0,32,0
201,'5295',1707,,1144,1,0,32,0
201,'5298',1535,,1145,1,0,32,0,105,,1146,1,0,32,0,100,,1147,1,0,32,0,210,,1148,1,0,32,0,155,,1149,1,0,32,0,115,,1150,1,0,32,0
301,'4623',1636,,1151,19,4,,0,101,,1152,19,4,,0
301,'5087',818,,1158,19,4,,0,39,,1162,19,4,,0,200,,1164,19,4,,0,100,,1165,19,4,,0,395,,1170,19,4,,0,151,,1171,19,4,,0,128,,1169,19,4,,0
301,'5088',1636,,1173,19,4,,0,101,,1174,19,4,,0
301,'5287',818,,1190,19,4,,0,39,,1194,19,4,,0,200,,1196,19,4,,0,100,,1197,19,4,,0,395,,1202,19,4,,0,151,,1203,19,4,,0,128,,1201,19,4,,0
301,'5288',1636,,1205,19,4,,0,101,,1206,19,4,,0
301,'5298',1636,,1212,19,4,,0,101,,1213,19,4,,0
400,'5087',1259,,1219,5,4,,0,165,,1220,5,4,,0
400,'5284',1518,,1222,5,4,,0
400,'5287',1259,,1223,5,4,,0,165,,1224,5,4,,0
401,'5087',1112,,1227,1,,,0,209,,1228,1,,,0,128,,1229,1,,,0
401,'5284',1402,,1230,1,,,0
401,'5287',1112,,1231,1,,,0,209,,1232,1,,,0,128,,1233,1,,,0
1000,'5087',846,,1234,1,,,0,497,,1236,1,,,0,266,,1235,1,,,0,237,,1237,1,,,0,196,,1238,1,,,0
1000,'5274',1203,,1239,1,,,0
1000,'5276',1203,,1240,1,,,0
1000,'5284',1023,,1241,1,,,0,497,,1242,1,,,0,327,,1243,1,,,0
1000,'5287',846,,1244,1,,,0,497,,1246,1,,,0,266,,1245,1,,,0,237,,1247,1,,,0,196,,1248,1,,,0
1000,'5291',1203,,1249,1,,,0
1000,'5295',1203,,1250,1,,,0
1001,'5087',1539,,1256,46,4,,0,318,,1254,46,4,,0,178,,1257,46,4,,0
1001,'5284',1222,,1261,46,4,,0,815,,1262,46,4,,0
1001,'5287',1539,,1268,46,4,,0,318,,1266,46,4,,0,178,,1269,46,4,,0
1401,'5087',836,,1272,10,4,,0
1401,'5274',1200,,1273,10,4,,0,634,,1274,10,4,,0
1401,'5276',1200,,1275,10,4,,0,634,,1276,10,4,,0
1401,'5287',836,,1277,10,4,,0
1401,'5291',1200,,1278,10,4,,0,634,,1279,10,4,,0
1401,'5295',1200,,1280,10,4,,0,634,,1281,10,4,,0
1500,'5274',1702,,1284,6,4,,0
1500,'5295',1702,,1287,6,4,,0
2000,'5087',1845,,1291,41,4,,0
2000,'5284',805,,1296,50,4,,0,506,,1298,50,4,,0,645,,1295,42,4,,0
2000,'5287',1845,,1302,41,4,,0
2001,'5087',450,,1306,1,,,0,259,,1307,1,,,0,321,,1308,1,,,0,572,,1309,1,,,0,127,,1310,1,,,0
2001,'5274',735,,1311,1,0,24 25,0
2001,'5276',735,,1312,1,0,24 25,0
2001,'5284',523,,1315,1,,,0,492,,1316,1,,,0,490,,1313,1,,,0
2001,'5287',450,,1317,1,,,0,259,,1318,1,,,0,321,,1319,1,,,0,572,,1320,1,,,0,127,,1321,1,,,0
2001,'5291',735,,1322,1,0,24 25,0
2001,'5295',735,,1323,1,0,24 25,0
7200,'5276',845,,1668,6,4,,0,575,,1667,6,4,,0,420,,1669,4,4,,0
7200,'5291',845,,1671,6,4,,0,575,,1670,6,4,,0,420,,1672,4,4,,0
7400,'5278',1614,,1679,4,,,0
7400,'5292',1614,,1680,4,,,0
7600,'5281',1006,,1685,2,,,0
7600,'5294',1006,,1691,2,,,0
9900,'5087',820,,1757,26,4,,0,831,,1761,26,4,,0
9900,'5284',1402,,1765,26,4,,0,439,,1766,26,4,,0
9900,'5287',820,,1768,26,4,,0,831,,1772,26,4,,0
9901,'5087',600,,1775,1,,,0,50,,1776,1,,,0,154,,1777,1,,,0,141,,1778,1,,,0,259,,1779,1,,,0,310,,1780,1,,,0,105,,1781,1,,,0,88,,1782,1,,,0
9901,'5284',847,,1783,1,,,0,383,,1784,1,,,0,475,,1785,1,,,0
9901,'5287',600,,1786,1,,,0,50,,1787,1,,,0,154,,1788,1,,,0,141,,1789,1,,,0,259,,1790,1,,,0,310,,1791,1,,,0,105,,1792,1,,,0,88,,1793,1,,,0
18000201,'5087',1514,,1794,1,0,32 2 33 34,0
18000201,'5287',1514,,1795,1,0,32 2 33 34,0
24001000,'5087',612,,1796,1,,,0,105,,1798,1,,,0,987,,1797,1,,,0
24001000,'5284',710,,1799,1,,,0
24001000,'5287',612,,1800,1,,,0,105,,1802,1,,,0,987,,1801,1,,,0
24001001,'5087',2208,,1803,32,4,,0
24001001,'5284',1700,,1804,32,4,,0
24001001,'5287',2208,,1805,32,4,,0
