1001,'5087',721,,1251,30,,,0,105,,1255,30,,,0,186,,1252,30,,,0,504,,1256,30,,,0,231,,1253,30,,,0,89,,1254,30,,,0,179,,1257,30,,,0
1001,'5274',1336,,1258,30,,,0
1001,'5276',1336,,1259,30,,,0
1001,'5284',821,,1260,30,,,0,337,,1261,30,,,0,858,,1262,30,,,0
1001,'5287',721,,1263,30,,,0,105,,1267,30,,,0,186,,1264,30,,,0,504,,1268,30,,,0,231,,1265,30,,,0,89,,1266,30,,,0,179,,1269,30,,,0
1001,'5291',1336,,1270,30,,,0
1001,'5295',1336,,1271,30,,,0
7601,'5281',929,,1697,29,,,0
7601,'5294',929,,1703,29,,,0
24001001,'5087',2201,,1803,24,,,0
24001001,'5284',1651,,1804,24,,,0
24001001,'5287',2201,,1805,24,,,0
