4300,'5287',1509,,1500,4,,,0
4301,'5287',823,,1530,26,,,0
4401,'4623',1958,,1532,4,0,22 23 16,0
4401,'5087',703,,1533,4,0,21,0,13,,1533,21,,,0,17,,1544,4,0,21,0,13,,1544,21,,,0,67,,1535,4,0,21,0,15,,1535,21,,,0,131,,1536,4,0,22 23 16,0,162,,1537,4,0,21,0,13,,1537,21,,,0,73,,1543,4,0,22 23 16,0,152,,1534,4,0,21,0,53,,1534,21,,,0,97,,1540,4,0,21,0,16,,1540,21,,,0,134,,1538,4,0,22 23 16,0,57,,1539,4,0,21,0,13,,1539,21,,,0,75,,1542,4,0,21,0,13,,1542,21,,,0
4401,'5284',826,,1547,4,0,21,0,13,,1547,21,,,0,183,,1549,4,0,21,0,13,,1549,21,,,0,166,,1548,4,0,21,0,13,,1548,21,,,0,307,,1545,4,0,21,0,13,,1545,21,,,0,114,,1546,4,0,21,0,53,,1546,21,,,0
4401,'5287',703,,1550,4,0,21,0,13,,1550,21,,,0,17,,1561,4,0,21,0,13,,1561,21,,,0,67,,1552,4,0,21,0,15,,1552,21,,,0,131,,1553,4,0,22 23 16,0,162,,1554,4,0,21,0,13,,1554,21,,,0,73,,1560,4,0,22 23 16,0,152,,1551,4,0,21,0,53,,1551,21,,,0,97,,1557,4,0,21,0,16,,1557,21,,,0,134,,1555,4,0,22 23 16,0,57,,1556,4,0,21,0,13,,1556,21,,,0,75,,1559,4,0,21,0,13,,1559,21,,,0
4401,'5298',1958,,1562,4,0,22 23 16,0
4600,'5287',826,,1592,22,4,,0
9800,'5087',1513,,1710,4,0,7 8 2 9 2 10,0
9800,'5287',1513,,1721,4,0,7 8 2 9 2 10,0
9801,'5087',827,,1730,27,,,0
9801,'5287',827,,1745,27,,,0
24004301,'5287',759,,1826,18,,,0
