1001,'5087',705,,1251,14,,,0,105,,1255,14,,,0,145,,1252,14,,,0,545,,1256,14,,,0,230,,1253,14,,,0,90,,1254,14,,,0,180,,1257,14,,,0
1001,'5274',1320,,1258,14,,,0
1001,'5276',1320,,1259,14,,,0
1001,'5284',805,,1260,14,,,0,336,,1261,14,,,0,859,,1262,14,,,0
1001,'5287',705,,1263,14,,,0,105,,1267,14,,,0,145,,1264,14,,,0,545,,1268,14,,,0,230,,1265,14,,,0,90,,1266,14,,,0,180,,1269,14,,,0
1001,'5291',1320,,1270,14,,,0
1001,'5295',1320,,1271,14,,,0
7601,'5281',916,,1697,18,,,0
7601,'5294',916,,1703,18,,,0
24001001,'5087',2147,,1803,13,,,0
24001001,'5284',1635,,1804,13,,,0
24001001,'5287',2147,,1805,13,,,0
