4600,'4623',2107,,1571,9,0,11,0
4600,'5087',807,,1577,9,0,11,0,120,,1572,9,0,11,0,114,,1576,9,0,11,0,107,,1580,9,0,11,0,179,,1579,9,0,11,0,113,,1573,9,0,11,0,77,,1574,9,0,11,0,115,,1575,9,0,11,0,127,,1578,9,0,11,0,182,,1581,9,0,11,0
4600,'5284',830,,1586,9,0,11,0,308,,1585,9,0,11,0,317,,1582,9,0,11,0,195,,1583,9,0,11,0
4600,'5287',807,,1592,9,0,11,0,120,,1587,9,0,11,0,114,,1591,9,0,11,0,107,,1595,9,0,11,0,179,,1594,9,0,11,0,113,,1588,9,0,11,0,77,,1589,9,0,11,0,115,,1590,9,0,11,0,127,,1593,9,0,11,0,182,,1596,9,0,11,0
4600,'5298',2107,,1597,9,0,11,0
4601,'4623',2032,,1598,10,,,0
4601,'5087',851,,1599,10,,,0,154,,1606,15,,,0,107,,1608,10,,,0,139,,1607,15,,,0,153,,1600,10,,,0,35,,1603,10,,,0,116,,1601,15,,,0,168,,1602,10,,,0,183,,1609,10,,,0
4601,'5284',1103,,1613,15,,,0,316,,1610,15,,,0,195,,1611,15,,,0,237,,1612,10,,,0
4601,'5287',851,,1615,10,,,0,154,,1622,15,,,0,107,,1624,10,,,0,139,,1623,15,,,0,153,,1616,10,,,0,35,,1619,10,,,0,116,,1617,15,,,0,168,,1618,10,,,0,183,,1625,10,,,0
4601,'5298',2032,,1626,10,,,0
