201,'4623',1551,,1085,14,,,0,105,,1086,14,,,0,99,,1087,14,,,0,248,,1088,14,,,0,115,,1089,14,,,0,113,,1090,13,,,0
201,'5087',630,,1093,13,,,0,27,,1094,13,,,0,152,,1092,13,,,0,29,,1091,13,,,0,77,,1095,14,,,0,30,,1096,14,,,0,101,,1097,16,,,0,69,,1098,14,,,0,105,,1099,16,,,0,97,,1100,14,,,0,105,,1101,16,,,0,20,,1102,14,,,0,176,,1103,16,,,0,297,,1104,14,,,0
201,'5088',1551,,1105,14,,,0,105,,1106,14,,,0,99,,1107,14,,,0,248,,1108,14,,,0,115,,1109,14,,,0
201,'5274',1723,,1110,14,,,0
201,'5276',1723,,1111,14,,,0
201,'5284',824,,1121,14,,,0,111,,1112,14,,,0,112,,1113,16,,,0,159,,1114,14,,,0,115,,1115,16,,,0,118,,1116,14,,,0,199,,1117,16,,,0,107,,1118,14,,,0,80,,1119,14,,,0,114,,1120,14,,,0
201,'5287',630,,1125,13,,,0,27,,1126,13,,,0,152,,1124,13,,,0,29,,1122,13,,,0,77,,1127,14,,,0,30,,1128,14,,,0,101,,1129,16,,,0,69,,1130,14,,,0,105,,1131,16,,,0,97,,1132,14,,,0,105,,1133,16,,,0,20,,1134,14,,,0,176,,1136,16,,,0,297,,1137,14,,,0
201,'5288',1551,,1138,14,,,0,105,,1139,14,,,0,99,,1140,14,,,0,248,,1141,14,,,0,115,,1142,14,,,0
201,'5291',1723,,1143,14,,,0
201,'5295',1723,,1144,14,,,0
201,'5298',1551,,1145,14,,,0,105,,1146,14,,,0,99,,1147,14,,,0,248,,1148,14,,,0,115,,1149,14,,,0,113,,1150,13,,,0
18000201,'5087',1535,,1794,15,,,0
18000201,'5287',1535,,1795,15,,,0
