4300,'5087',1045,,1473,54,4,,0,258,,1475,54,4,,0,138,,1479,51,4,,0,168,,1482,54,4,,0,22,,1480,51,4,,0,179,,1476,51,4,,0,124,,1481,54,4,,0
4300,'5284',944,,1490,54,4,,0,201,,1484,54,4,,0,312,,1486,54,4,,0,182,,1487,54,4,,0,166,,1488,54,4,,0,127,,1489,54,4,,0
4300,'5287',1045,,1491,54,4,,0,258,,1493,54,4,,0,138,,1497,51,4,,0,168,,1500,59,4,,0,22,,1498,51,4,,0,179,,1494,51,4,,0,124,,1499,54,4,,0
4301,'5087',1048,,1509,1,,,0,258,,1503,1,,,0,138,,1505,1,,,0,169,,1511,1,,,0,200,,1510,1,,,0,124,,1512,1,,,0
4301,'5284',806,,1519,1,,,0,141,,1518,1,,,0,201,,1515,1,,,0,352,,1517,1,,,0
4301,'5287',1048,,1526,1,,,0,258,,1520,1,,,0,138,,1522,1,,,0,169,,1528,1,,,0,200,,1527,1,,,0,124,,1529,1,,,0
24004300,'5087',601,,1809,33,4,,0,55,,1807,33,4,,0,75,,1806,33,4,,0,172,,1808,33,4,,0
24004300,'5284',804,,1810,33,4,,0
24004300,'5287',601,,1814,33,4,,0,55,,1812,33,4,,0,75,,1811,33,4,,0,172,,1813,33,4,,0
24004301,'5087',604,,1820,1,,,0,55,,1817,1,,,0,75,,1818,1,,,0,172,,1819,1,,,0,728,,1816,1,,,0
24004301,'5284',1641,,1822,1,,,0,166,,1821,1,,,0,127,,1823,1,,,0
24004301,'5287',604,,1828,1,,,0,55,,1825,1,,,0,75,,1826,1,,,0,172,,1827,1,,,0,728,,1824,1,,,0
