301,'4623',1629,,1151,12,0,30,0,101,,1152,12,0,30,0,193,,1153,12,0,28 29,0,115,,1154,12,0,28 29,0,115,,1155,12,0,28 29,0,105,,1156,12,0,28 29,0
301,'5087',628,,1161,12,0,28 29,0,102,,1160,12,0,28 29,0,10,,1159,6,0,5 6 16,0,19,,1157,12,0,28 29,0,51,,1158,12,0,30,0,39,,1162,12,0,30,0,60,,1172,12,0,28 29,0,40,,1163,12,0,28 29,0,100,,1164,12,0,30,0,100,,1165,12,0,30,0,108,,1166,12,0,28 29,0,95,,1167,12,0,30,0,89,,1168,12,0,30,0,104,,1170,12,0,30,0,111,,1171,12,0,30,0,168,,1169,12,0,30,0
301,'5088',1629,,1173,12,0,30,0,101,,1174,12,0,30,0,193,,1175,12,0,28 29,0,115,,1176,12,0,28 29,0,115,,1177,12,0,28 29,0
301,'5274',1019,,1178,12,0,28 29,0
301,'5276',1019,,1179,12,0,28 29,0
301,'5284',823,,1180,12,0,28 29,0,35,,1182,12,0,28 29,0,176,,1181,12,0,28 29,0,90,,1184,12,0,28 29,0,115,,1183,12,0,28 29,0,120,,1185,12,0,28 29,0,160,,1186,12,0,28 29,0,35,,1187,12,0,28 29,0,303,,1188,12,0,28 29,0
301,'5287',628,,1193,12,0,28 29,0,102,,1192,12,0,28 29,0,10,,1191,6,0,5 6 16,0,19,,1189,12,0,28 29,0,51,,1190,12,0,30,0,39,,1194,12,0,30,0,60,,1204,12,0,28 29,0,40,,1195,12,0,28 29,0,100,,1196,12,0,30,0,100,,1197,12,0,30,0,108,,1198,12,0,28 29,0,95,,1199,12,0,30,0,89,,1200,12,0,30,0,104,,1202,12,0,30,0,111,,1203,12,0,30,0,168,,1201,12,0,30,0
301,'5288',1629,,1205,12,0,30,0,101,,1206,12,0,30,0,193,,1207,12,0,28 29,0,115,,1208,12,0,28 29,0,115,,1209,12,0,28 29,0
301,'5291',1019,,1210,12,0,28 29,0
301,'5295',1019,,1211,12,0,28 29,0
301,'5298',1629,,1212,12,0,30,0,101,,1213,12,0,30,0,193,,1214,12,0,28 29,0,115,,1215,12,0,28 29,0,115,,1216,12,0,28 29,0,105,,1217,12,0,28 29,0
