201,'4623',1540,,1085,4,0,32,0,105,,1086,4,0,32,0,99,,1087,4,0,32,0,209,,1088,4,0,32,0,155,,1089,4,0,32,0,115,,1090,4,0,32,0
201,'5087',623,,1093,4,0,32,0,25,,1094,4,0,32,0,111,,1092,4,0,32,0,70,,1091,4,0,32,0,75,,1095,4,0,32,0,30,,1096,4,0,32,0,99,,1097,4,0,32,0,71,,1098,4,0,32,0,101,,1099,4,0,32,0,100,,1100,4,0,32,0,103,,1101,4,0,32,0,22,,1102,4,0,32,0,175,,1103,4,0,32,0,299,,1104,4,0,32,0
201,'5088',1540,,1105,4,0,32,0,105,,1106,4,0,32,0,99,,1107,4,0,32,0,209,,1108,4,0,32,0,155,,1109,4,0,32,0
201,'5274',1712,,1110,4,0,32,0
201,'5276',1712,,1111,4,0,32,0
201,'5284',814,,1121,4,0,32,0,110,,1112,4,0,32,0,110,,1113,4,0,32,0,121,,1114,4,0,32,0,153,,1115,4,0,32,0,120,,1116,4,0,32,0,197,,1117,4,0,32,0,109,,1118,4,0,32,0,80,,1119,4,0,32,0,115,,1120,4,0,32,0
201,'5287',623,,1125,4,0,32,0,25,,1126,4,0,32,0,111,,1124,4,0,32,0,70,,1122,4,0,32,0,75,,1127,4,0,32,0,30,,1128,4,0,32,0,99,,1129,4,0,32,0,71,,1130,4,0,32,0,101,,1131,4,0,32,0,100,,1132,4,0,32,0,103,,1133,4,0,32,0,22,,1134,4,0,32,0,175,,1136,4,0,32,0,299,,1137,4,0,32,0
201,'5288',1540,,1138,4,0,32,0,105,,1139,4,0,32,0,99,,1140,4,0,32,0,209,,1141,4,0,32,0,155,,1142,4,0,32,0
201,'5291',1712,,1143,4,0,32,0
201,'5295',1712,,1144,4,0,32,0
201,'5298',1540,,1145,4,0,32,0,105,,1146,4,0,32,0,99,,1147,4,0,32,0,209,,1148,4,0,32,0,155,,1149,4,0,32,0,115,,1150,4,0,32,0
401,'5087',1116,,1227,4,,,0,209,,1228,4,,,0,129,,1229,4,,,0
401,'5284',1407,,1230,4,,,0
401,'5287',1116,,1231,4,,,0,209,,1232,4,,,0,129,,1233,4,,,0
1000,'5087',850,,1234,4,,,0,498,,1236,4,,,0,266,,1235,4,,,0,236,,1237,4,,,0,196,,1238,4,,,0
1000,'5274',1208,,1239,4,,,0
1000,'5276',1208,,1240,4,,,0
1000,'5284',1027,,1241,4,,,0,498,,1242,4,,,0,326,,1243,4,,,0
1000,'5287',850,,1244,4,,,0,498,,1246,4,,,0,266,,1245,4,,,0,236,,1247,4,,,0,196,,1248,4,,,0
1000,'5291',1208,,1249,4,,,0
1000,'5295',1208,,1250,4,,,0
7200,'5276',849,,1668,9,4,,0,576,,1667,9,4,,0,419,,1669,7,4,,0
7200,'5291',849,,1671,9,4,,0,576,,1670,9,4,,0,419,,1672,7,4,,0
7401,'5278',1016,,1681,48,4,,0
7401,'5292',1016,,1682,48,4,,0
7600,'5281',1010,,1685,5,,,0
7600,'5294',1010,,1691,5,,,0
18000201,'5087',1519,,1794,4,0,32 2 33 34,0
18000201,'5287',1519,,1795,4,0,32 2 33 34,0
24001000,'5087',1709,,1797,4,,,0
24001000,'5287',1709,,1801,4,,,0
