2000,'5087',718,,1288,47,,,0,225,,1289,47,,,0,362,,1290,47,,,0,531,,1291,37,,,0,119,,1292,37,,,0
2000,'5274',814,,1293,9,,,0
2000,'5276',814,,1294,9,,,0
2000,'5284',755,,1296,46,,,0,546,,1298,46,,,0,645,,1295,38,,,0
2000,'5287',718,,1299,47,,,0,225,,1300,47,,,0,362,,1301,47,,,0,531,,1302,37,,,0,119,,1303,37,,,0
2000,'5291',814,,1304,9,,,0
2000,'5295',814,,1305,9,,,0
7401,'5278',1003,,1681,41,,,0
7401,'5292',1003,,1682,41,,,0
9900,'5087',721,,1756,22,,,0,88,,1757,22,,,0,115,,1758,22,,,0,182,,1759,22,,,0,223,,1760,22,,,0,311,,1761,22,,,0,98,,1762,22,,,0,89,,1763,22,,,0
9900,'5284',1008,,1764,22,,,0,344,,1765,22,,,0,479,,1766,22,,,0
9900,'5287',721,,1767,22,,,0,88,,1768,22,,,0,115,,1769,22,,,0,182,,1770,22,,,0,223,,1771,22,,,0,311,,1772,22,,,0,98,,1773,22,,,0,89,,1774,22,,,0
