3300,'5087',833,,1386,3,,,0,68,,1385,3,,,0,232,,1384,3,,,0,289,,1383,3,,,0,191,,1381,3,,,0,20,,1382,3,,,0
3300,'5284',1125,,1387,3,,,0,325,,1388,3,,,0,158,,1389,3,,,0
3300,'5287',833,,1395,3,,,0,68,,1394,3,,,0,232,,1393,3,,,0,289,,1392,3,,,0,191,,1390,3,,,0,20,,1391,3,,,0
3601,'5087',743,,1438,3,,,0,798,,1436,3,0,5 6,0
3601,'5287',743,,1441,3,,,0,798,,1439,3,0,5 6,0
9801,'4623',1915,,1728,3,0,11,0
9801,'5087',651,,1734,3,0,11,0,88,,1730,3,0,7 8 2 11 2 10,0,120,,1735,3,0,7 8 2 11 2 10,0,179,,1733,3,0,11,0,262,,1729,3,0,7 8 2 11 2 10,0,312,,1731,3,0,11,0,100,,1736,3,0,11,0,88,,1732,3,0,11,0
9801,'5284',937,,1742,3,0,11,0,384,,1740,3,0,11,0,438,,1741,3,0,11,0
9801,'5287',651,,1749,3,0,11,0,88,,1745,3,0,7 8 2 11 2 10,0,120,,1750,3,0,7 8 2 11 2 10,0,179,,1748,3,0,11,0,262,,1744,3,0,7 8 2 11 2 10,0,312,,1746,3,0,11,0,100,,1751,3,0,11,0,88,,1747,3,0,11,0
9801,'5298',1915,,1755,3,0,11,0
9900,'5087',651,,1756,3,,,0,88,,1757,3,,,0,117,,1758,3,,,0,181,,1759,3,,,0,222,,1760,3,,,0,352,,1761,3,,,0,98,,1762,3,,,0,49,,1763,3,,,0
9900,'5284',939,,1764,3,,,0,384,,1765,3,,,0,479,,1766,3,,,0
9900,'5287',651,,1767,3,,,0,88,,1768,3,,,0,117,,1769,3,,,0,181,,1770,3,,,0,222,,1771,3,,,0,352,,1772,3,,,0,98,,1773,3,,,0,49,,1774,3,,,0
