301,'4623',1928,,1153,17,0,28 29,0,115,,1154,17,0,28 29,0,114,,1155,17,0,28 29,0,145,,1156,17,0,28 29,0
301,'5087',633,,1161,17,0,28 29,0,102,,1160,17,0,28 29,0,69,,1157,17,0,28 29,0,110,,1172,17,0,28 29,0,40,,1163,17,0,28 29,0,348,,1166,17,0,28 29,0
301,'5088',1928,,1175,17,0,28 29,0,115,,1176,17,0,28 29,0,114,,1177,17,0,28 29,0
301,'5274',1024,,1178,17,0,28 29,0
301,'5276',1024,,1179,17,0,28 29,0
301,'5284',828,,1180,17,0,28 29,0,75,,1182,17,0,28 29,0,136,,1181,17,0,28 29,0,90,,1184,17,0,28 29,0,115,,1183,17,0,28 29,0,160,,1185,17,0,28 29,0,120,,1186,17,0,28 29,0,35,,1187,17,0,28 29,0,343,,1188,17,0,28 29,0
301,'5287',633,,1193,17,0,28 29,0,102,,1192,17,0,28 29,0,69,,1189,17,0,28 29,0,110,,1204,17,0,28 29,0,40,,1195,17,0,28 29,0,348,,1198,17,0,28 29,0
301,'5288',1928,,1207,17,0,28 29,0,115,,1208,17,0,28 29,0,114,,1209,17,0,28 29,0
301,'5291',1024,,1210,17,0,28 29,0
301,'5295',1024,,1211,17,0,28 29,0
301,'5298',1928,,1214,17,0,28 29,0,115,,1215,17,0,28 29,0,114,,1216,17,0,28 29,0,145,,1217,17,0,28 29,0
