100,'4623',1526,,1014,14,,,0,407,,1015,7,,,0,115,,1016,7,,,0,154,,1017,7,,,0,105,,1018,7,,,0
100,'5087',638,,1021,7,,,0,102,,1020,7,,,0,70,,1019,7,,,0,34,,1022,14,,,0,76,,1035,7,,,0,39,,1031,7,,,0,167,,1024,14,,,0,20,,1023,14,,,0,161,,1025,7,,,0,42,,1026,14,,,0,110,,1027,14,,,0,96,,1028,14,,,0,152,,1033,14,,,0,94,,1034,14,,,0,45,,1029,14,,,0
100,'5088',1526,,1036,14,,,0,407,,1037,7,,,0,115,,1038,7,,,0,154,,1039,7,,,0
100,'5274',1029,,1040,7,,,0,27,,1041,14,,,0
100,'5276',1029,,1042,7,,,0,27,,1043,14,,,0
100,'5284',833,,1044,7,,,0,75,,1046,7,,,0,99,,1047,14,,,0,37,,1045,7,,,0,90,,1048,7,,,0,115,,1049,7,,,0,160,,1050,7,,,0,120,,1051,7,,,0,75,,1052,7,,,0,108,,1053,14,,,0,195,,1054,7,,,0
100,'5287',638,,1057,7,,,0,102,,1056,7,,,0,70,,1055,7,,,0,34,,1058,14,,,0,76,,1071,7,,,0,39,,1067,7,,,0,167,,1060,14,,,0,20,,1059,14,,,0,161,,1061,7,,,0,42,,1062,14,,,0,110,,1063,14,,,0,96,,1064,14,,,0,152,,1069,14,,,0,94,,1070,14,,,0,45,,1065,14,,,0
100,'5288',1526,,1072,14,,,0,407,,1073,7,,,0,115,,1074,7,,,0,154,,1075,7,,,0
100,'5291',1029,,1076,7,,,0,27,,1077,14,,,0
100,'5295',1029,,1078,7,,,0,27,,1079,14,,,0
100,'5298',1526,,1080,14,,,0,407,,1081,7,,,0,115,,1082,7,,,0,154,,1083,7,,,0,105,,1084,7,,,0
