1001,'5087',652,,1251,4,,,0,105,,1255,4,,,0,185,,1252,4,,,0,505,,1256,4,,,0,270,,1253,4,,,0,90,,1254,4,,,0,140,,1257,4,,,0
1001,'5274',1307,,1258,4,,,0
1001,'5276',1307,,1259,4,,,0
1001,'5284',752,,1260,4,,,0,375,,1261,4,,,0,820,,1262,4,,,0
1001,'5287',652,,1263,4,,,0,105,,1267,4,,,0,185,,1264,4,,,0,505,,1268,4,,,0,270,,1265,4,,,0,90,,1266,4,,,0,140,,1269,4,,,0
1001,'5291',1307,,1270,4,,,0
1001,'5295',1307,,1271,4,,,0
7601,'5281',906,,1697,9,,,0
7601,'5294',906,,1703,9,,,0
24001001,'5087',2136,,1803,4,,,0
24001001,'5284',1622,,1804,4,,,0
24001001,'5287',2136,,1805,4,,,0
