1000,'5087',914,,1234,27,,,0,500,,1236,27,,,0,227,,1235,27,,,0,272,,1237,27,,,0,196,,1238,27,,,0
1000,'5274',1234,,1239,27,,,0
1000,'5276',1234,,1240,27,,,0
1000,'5284',1052,,1241,27,,,0,500,,1242,27,,,0,365,,1243,27,,,0
1000,'5287',914,,1244,27,,,0,500,,1246,27,,,0,227,,1245,27,,,0,272,,1247,27,,,0,196,,1248,27,,,0
1000,'5291',1234,,1249,27,,,0
1000,'5295',1234,,1250,27,,,0
7600,'5281',1027,,1685,19,,,0
7600,'5294',1027,,1691,19,,,0
24001000,'5087',627,,1796,15,,,0,105,,1798,15,,,0,1001,,1797,22,,,0
24001000,'5284',725,,1799,15,,,0
24001000,'5287',627,,1800,15,,,0,105,,1802,15,,,0,1001,,1801,22,,,0
