100,'4623',1528,,1014,17,,,0,406,,1015,10,,,0,115,,1016,10,,,0,154,,1017,10,,,0,105,,1018,10,,,0
100,'5087',639,,1021,10,,,0,103,,1020,10,,,0,70,,1019,10,,,0,34,,1022,17,,,0,76,,1035,10,,,0,79,,1031,10,,,0,127,,1024,17,,,0,20,,1023,17,,,0,161,,1025,10,,,0,42,,1026,17,,,0,150,,1027,17,,,0,56,,1028,17,,,0,152,,1033,17,,,0,94,,1034,17,,,0,45,,1029,17,,,0
100,'5088',1528,,1036,17,,,0,406,,1037,10,,,0,115,,1038,10,,,0,154,,1039,10,,,0
100,'5274',1031,,1040,10,,,0,27,,1041,17,,,0
100,'5276',1031,,1042,10,,,0,27,,1043,17,,,0
100,'5284',834,,1044,10,,,0,75,,1046,10,,,0,99,,1047,17,,,0,37,,1045,10,,,0,90,,1048,10,,,0,115,,1049,10,,,0,160,,1050,10,,,0,120,,1051,10,,,0,75,,1052,10,,,0,108,,1053,17,,,0,195,,1054,10,,,0
100,'5287',639,,1057,10,,,0,103,,1056,10,,,0,70,,1055,10,,,0,34,,1058,17,,,0,76,,1071,10,,,0,79,,1067,10,,,0,127,,1060,17,,,0,20,,1059,17,,,0,161,,1061,10,,,0,42,,1062,17,,,0,150,,1063,17,,,0,56,,1064,17,,,0,152,,1069,17,,,0,94,,1070,17,,,0,45,,1065,17,,,0
100,'5288',1528,,1072,17,,,0,406,,1073,10,,,0,115,,1074,10,,,0,154,,1075,10,,,0
100,'5291',1031,,1076,10,,,0,27,,1077,17,,,0
100,'5295',1031,,1078,10,,,0,27,,1079,17,,,0
100,'5298',1528,,1080,17,,,0,406,,1081,10,,,0,115,,1082,10,,,0,154,,1083,10,,,0,105,,1084,10,,,0
