1000,'5087',928,,1234,43,,,0,500,,1236,43,,,0,228,,1235,43,,,0,271,,1237,43,,,0,196,,1238,43,,,0
1000,'5274',1248,,1239,43,,,0
1000,'5276',1248,,1240,43,,,0
1000,'5284',1107,,1241,43,,,0,500,,1242,43,,,0,325,,1243,43,,,0
1000,'5287',928,,1244,43,,,0,500,,1246,43,,,0,228,,1245,43,,,0,271,,1247,43,,,0,196,,1248,43,,,0
1000,'5291',1248,,1249,43,,,0
1000,'5295',1248,,1250,43,,,0
7600,'5281',1042,,1685,34,,,0
7600,'5294',1042,,1691,34,,,0
24001000,'5087',641,,1796,30,,,0,105,,1798,30,,,0,1003,,1797,38,,,0
24001000,'5284',739,,1799,30,,,0
24001000,'5287',641,,1800,30,,,0,105,,1802,30,,,0,1003,,1801,38,,,0
