201,'4623',1609,,1085,31,,,0,105,,1086,31,,,0,97,,1087,31,,,0,208,,1088,31,,,0,115,,1089,31,,,0,109,,1090,29,,,0
201,'5087',642,,1093,29,,,0,72,,1094,30,,,0,109,,1092,29,,,0,33,,1091,30,,,0,77,,1095,31,,,0,69,,1096,31,,,0,104,,1097,33,,,0,27,,1098,31,,,0,107,,1099,33,,,0,96,,1100,31,,,0,107,,1101,33,,,0,57,,1102,31,,,0,136,,1103,33,,,0,295,,1104,31,,,0
201,'5088',1609,,1105,31,,,0,105,,1106,31,,,0,97,,1107,31,,,0,208,,1108,31,,,0,115,,1109,31,,,0
201,'5274',1740,,1110,31,,,0
201,'5276',1740,,1111,31,,,0
201,'5284',839,,1121,31,,,0,114,,1112,31,,,0,153,,1113,33,,,0,118,,1114,31,,,0,116,,1115,33,,,0,117,,1116,31,,,0,200,,1117,33,,,0,145,,1118,31,,,0,41,,1119,31,,,0,112,,1120,31,,,0
201,'5287',642,,1125,29,,,0,72,,1126,30,,,0,142,,1122,30,,,0,77,,1127,31,,,0,69,,1128,31,,,0,104,,1129,33,,,0,27,,1130,31,,,0,107,,1131,33,,,0,96,,1132,31,,,0,107,,1133,33,,,0,57,,1134,31,,,0,136,,1136,33,,,0,295,,1137,31,,,0
201,'5288',1609,,1138,31,,,0,105,,1139,31,,,0,97,,1140,31,,,0,208,,1141,31,,,0,115,,1142,31,,,0
201,'5291',1740,,1143,31,,,0
201,'5295',1740,,1144,31,,,0
201,'5298',1609,,1145,31,,,0,105,,1146,31,,,0,97,,1147,31,,,0,208,,1148,31,,,0,115,,1149,31,,,0,109,,1150,29,,,0
400,'4623',1514,,1218,4,,,0
400,'5087',1255,,1219,4,,,0,165,,1220,4,,,0
400,'5088',1514,,1221,4,,,0
400,'5284',1514,,1222,4,,,0
400,'5287',1255,,1223,4,,,0,165,,1224,4,,,0
400,'5288',1514,,1225,4,,,0
400,'5298',1514,,1226,4,,,0
1001,'5087',739,,1251,45,,,0,105,,1255,45,,,0,188,,1252,45,,,0,504,,1256,45,,,0,270,,1253,45,,,0,48,,1254,45,,,0,179,,1257,45,,,0
1001,'5274',1355,,1258,45,,,0
1001,'5276',1355,,1259,45,,,0
1001,'5284',840,,1260,45,,,0,379,,1261,45,,,0,815,,1262,45,,,0
1001,'5287',739,,1263,45,,,0,105,,1267,45,,,0,188,,1264,45,,,0,504,,1268,45,,,0,270,,1265,45,,,0,48,,1266,45,,,0,179,,1269,45,,,0
1001,'5291',1355,,1270,45,,,0
1001,'5295',1355,,1271,45,,,0
7201,'5276',717,,1674,3,0,36,0,525,,1673,3,,,0,470,,1675,3,,,0
7201,'5291',717,,1677,3,0,36,0,525,,1676,3,,,0,470,,1678,3,,,0
7400,'5278',1611,,1679,3,,,0
7400,'5292',1611,,1680,3,,,0
7601,'5281',940,,1697,36,4,,0
7601,'5294',940,,1703,36,4,,0
24001001,'5087',2207,,1803,31,,,0
24001001,'5284',1659,,1804,31,,,0
24001001,'5287',2207,,1805,31,,,0
