201,'4623',1555,,1085,19,,,0,145,,1086,19,,,0,58,,1087,19,,,0,248,,1088,19,,,0,115,,1089,19,,,0,113,,1090,18,,,0
201,'5087',633,,1093,18,,,0,68,,1094,18,,,0,113,,1092,18,,,0,28,,1091,18,,,0,77,,1095,19,,,0,29,,1096,19,,,0,103,,1097,21,,,0,68,,1098,19,,,0,106,,1099,21,,,0,96,,1100,19,,,0,106,,1101,21,,,0,19,,1102,19,,,0,176,,1103,21,,,0,296,,1104,19,,,0
201,'5088',1555,,1105,19,,,0,145,,1106,19,,,0,58,,1107,19,,,0,248,,1108,19,,,0,115,,1109,19,,,0
201,'5274',1726,,1110,19,,,0
201,'5276',1726,,1111,19,,,0
201,'5284',827,,1121,19,,,0,112,,1112,19,,,0,113,,1113,21,,,0,158,,1114,19,,,0,116,,1115,21,,,0,117,,1116,19,,,0,200,,1117,21,,,0,106,,1118,19,,,0,80,,1119,19,,,0,113,,1120,19,,,0
201,'5287',633,,1125,18,,,0,68,,1126,18,,,0,113,,1124,18,,,0,28,,1122,18,,,0,77,,1127,19,,,0,29,,1128,19,,,0,103,,1129,21,,,0,68,,1130,19,,,0,106,,1131,21,,,0,96,,1132,19,,,0,106,,1133,21,,,0,19,,1134,19,,,0,176,,1136,21,,,0,296,,1137,19,,,0
201,'5288',1555,,1138,19,,,0,145,,1139,19,,,0,58,,1140,19,,,0,248,,1141,19,,,0,115,,1142,19,,,0
201,'5291',1726,,1143,19,,,0
201,'5295',1726,,1144,19,,,0
201,'5298',1555,,1145,19,,,0,145,,1146,19,,,0,58,,1147,19,,,0,248,,1148,19,,,0,115,,1149,19,,,0,113,,1150,18,,,0
