2000,'5087',706,,1288,42,,,0,225,,1289,42,,,0,322,,1290,42,,,0,577,,1291,33,,,0,119,,1292,33,,,0
2000,'5274',802,,1293,4,,,0
2000,'5276',802,,1294,4,,,0
2000,'5284',743,,1296,41,,,0,506,,1298,41,,,0,685,,1295,33,,,0
2000,'5287',706,,1299,42,,,0,225,,1300,42,,,0,322,,1301,42,,,0,577,,1302,33,,,0,119,,1303,33,,,0
2000,'5291',802,,1304,4,,,0
2000,'5295',802,,1305,4,,,0
7401,'5278',955,,1681,37,,,0
7401,'5292',955,,1682,37,,,0
9900,'5087',714,,1756,18,,,0,88,,1757,18,,,0,116,,1758,18,,,0,141,,1759,18,,,0,263,,1760,18,,,0,311,,1761,18,,,0,98,,1762,18,,,0,89,,1763,18,,,0
9900,'5284',1001,,1764,18,,,0,344,,1765,18,,,0,479,,1766,18,,,0
9900,'5287',714,,1767,18,,,0,88,,1768,18,,,0,116,,1769,18,,,0,141,,1770,18,,,0,263,,1771,18,,,0,311,,1772,18,,,0,98,,1773,18,,,0,89,,1774,18,,,0
