1000,'5087',927,,1234,42,,,0,500,,1236,42,,,0,227,,1235,42,,,0,272,,1237,42,,,0,196,,1238,42,,,0
1000,'5274',1247,,1239,42,,,0
1000,'5276',1247,,1240,42,,,0
1000,'5284',1106,,1241,42,,,0,500,,1242,42,,,0,325,,1243,42,,,0
1000,'5287',927,,1244,42,,,0,500,,1246,42,,,0,227,,1245,42,,,0,272,,1247,42,,,0,196,,1248,42,,,0
1000,'5291',1247,,1249,42,,,0
1000,'5295',1247,,1250,42,,,0
7600,'5281',1041,,1685,33,,,0
7600,'5294',1041,,1691,33,,,0
24001000,'5087',640,,1796,29,,,0,105,,1798,29,,,0,1002,,1797,37,,,0
24001000,'5284',738,,1799,29,,,0
24001000,'5287',640,,1800,29,,,0,105,,1802,29,,,0,1002,,1801,37,,,0
