100,'4623',1519,,1014,2,0,29 2 35 23,0
100,'5087',837,,1022,2,0,29,0,13,,1030,2,0,23 16,0,270,,1024,2,0,29 2 35 23,0,20,,1023,2,0,29,0,180,,1032,2,0,23 16,0,22,,1026,2,0,29,0,110,,1027,2,0,29,0,96,,1028,2,0,29,0,152,,1033,2,0,29,0,55,,1034,2,0,29,0,85,,1029,2,0,29,0
100,'5088',1519,,1036,2,0,29 2 35 23,0
100,'5274',1050,,1041,2,0,29,0
100,'5276',1050,,1043,2,0,29,0
100,'5284',1000,,1047,2,0,29,0,705,,1053,2,0,29,0
100,'5287',837,,1058,2,0,29,0,13,,1066,2,0,23 16,0,270,,1060,2,0,29 2 35 23,0,20,,1059,2,0,29,0,180,,1068,2,0,23 16,0,22,,1062,2,0,29,0,110,,1063,2,0,29,0,96,,1064,2,0,29,0,152,,1069,2,0,29,0,55,,1070,2,0,29,0,85,,1065,2,0,29,0
100,'5288',1519,,1072,2,0,29 2 35 23,0
100,'5291',1050,,1077,2,0,29,0
100,'5295',1050,,1079,2,0,29,0
100,'5298',1519,,1080,2,0,29 2 35 23,0
301,'4623',1620,,1151,2,0,30,0,101,,1152,2,0,30,0,194,,1153,2,0,28 29,0,115,,1154,2,0,28 29,0,115,,1155,2,0,28 29,0,105,,1156,2,0,28 29,0
301,'5087',620,,1161,2,0,28 29,0,101,,1160,2,0,28 29,0,15,,1159,2,0,5 6 16,0,14,,1157,2,0,28 29,0,51,,1158,2,0,30,0,39,,1162,2,0,30,0,60,,1172,2,0,28 29,0,40,,1163,2,0,28 29,0,100,,1164,2,0,30,0,100,,1165,2,0,30,0,108,,1166,2,0,28 29,0,95,,1167,2,0,30,0,89,,1168,2,0,30,0,104,,1170,2,0,30,0,111,,1171,2,0,30,0,168,,1169,2,0,30,0
301,'5088',1620,,1173,2,0,30,0,101,,1174,2,0,30,0,194,,1175,2,0,28 29,0,115,,1176,2,0,28 29,0,115,,1177,2,0,28 29,0
301,'5274',1010,,1178,2,0,28 29,0
301,'5276',1010,,1179,2,0,28 29,0
301,'5284',815,,1180,2,0,28 29,0,35,,1182,2,0,28 29,0,176,,1181,2,0,28 29,0,90,,1184,2,0,28 29,0,115,,1183,2,0,28 29,0,120,,1185,2,0,28 29,0,160,,1186,2,0,28 29,0,35,,1187,2,0,28 29,0,303,,1188,2,0,28 29,0
301,'5287',620,,1193,2,0,28 29,0,101,,1192,2,0,28 29,0,15,,1191,2,0,5 6 16,0,14,,1189,2,0,28 29,0,51,,1190,2,0,30,0,39,,1194,2,0,30,0,60,,1204,2,0,28 29,0,40,,1195,2,0,28 29,0,100,,1196,2,0,30,0,100,,1197,2,0,30,0,108,,1198,2,0,28 29,0,95,,1199,2,0,30,0,89,,1200,2,0,30,0,104,,1202,2,0,30,0,111,,1203,2,0,30,0,168,,1201,2,0,30,0
301,'5288',1620,,1205,2,0,30,0,101,,1206,2,0,30,0,194,,1207,2,0,28 29,0,115,,1208,2,0,28 29,0,115,,1209,2,0,28 29,0
301,'5291',1010,,1210,2,0,28 29,0
301,'5295',1010,,1211,2,0,28 29,0
301,'5298',1620,,1212,2,0,30,0,101,,1213,2,0,30,0,194,,1214,2,0,28 29,0,115,,1215,2,0,28 29,0,115,,1216,2,0,28 29,0,105,,1217,2,0,28 29,0
1500,'5274',830,,1282,2,,,0,575,,1283,2,,,0,245,,1284,2,,,0
1500,'5295',830,,1285,2,,,0,575,,1286,2,,,0,245,,1287,2,,,0
7201,'5276',720,,1674,5,0,36,0,526,,1673,5,,,0,470,,1675,5,,,0
7201,'5291',720,,1677,5,0,36,0,526,,1676,5,,,0,470,,1678,5,,,0
7601,'5281',944,,1697,38,4,,0
7601,'5294',944,,1703,38,4,,0
