201,'4623',1559,,1085,25,,,0,145,,1086,25,,,0,98,,1087,25,,,0,208,,1088,25,,,0,115,,1089,25,,,0,112,,1090,24,,,0
201,'5087',637,,1093,24,,,0,68,,1094,24,,,0,113,,1092,24,,,0,28,,1091,24,,,0,77,,1095,25,,,0,29,,1096,25,,,0,103,,1097,27,,,0,68,,1098,25,,,0,106,,1099,27,,,0,96,,1100,25,,,0,106,,1101,27,,,0,19,,1102,25,,,0,176,,1103,27,,,0,296,,1104,25,,,0
201,'5088',1559,,1105,25,,,0,145,,1106,25,,,0,98,,1107,25,,,0,208,,1108,25,,,0,115,,1109,25,,,0
201,'5274',1730,,1110,25,,,0
201,'5276',1730,,1111,25,,,0
201,'5284',830,,1121,25,,,0,113,,1112,25,,,0,113,,1113,27,,,0,158,,1114,25,,,0,116,,1115,27,,,0,117,,1116,25,,,0,200,,1117,27,,,0,106,,1118,25,,,0,80,,1119,25,,,0,113,,1120,25,,,0
201,'5287',637,,1125,24,,,0,68,,1126,24,,,0,113,,1124,24,,,0,28,,1122,24,,,0,77,,1127,25,,,0,29,,1128,25,,,0,103,,1129,27,,,0,68,,1130,25,,,0,106,,1131,27,,,0,96,,1132,25,,,0,106,,1133,27,,,0,19,,1134,25,,,0,176,,1136,27,,,0,296,,1137,25,,,0
201,'5288',1559,,1138,25,,,0,145,,1139,25,,,0,98,,1140,25,,,0,208,,1141,25,,,0,115,,1142,25,,,0
201,'5291',1730,,1143,25,,,0
201,'5295',1730,,1144,25,,,0
201,'5298',1559,,1145,25,,,0,145,,1146,25,,,0,98,,1147,25,,,0,208,,1148,25,,,0,115,,1149,25,,,0,112,,1150,24,,,0
1001,'5087',729,,1251,39,,,0,105,,1255,39,,,0,188,,1252,39,,,0,503,,1256,39,,,0,231,,1253,39,,,0,89,,1254,39,,,0,179,,1257,39,,,0
1001,'5274',1345,,1258,39,,,0
1001,'5276',1345,,1259,39,,,0
1001,'5284',830,,1260,39,,,0,378,,1261,39,,,0,817,,1262,39,,,0
1001,'5287',729,,1263,39,,,0,105,,1267,39,,,0,188,,1264,39,,,0,503,,1268,39,,,0,231,,1265,39,,,0,89,,1266,39,,,0,179,,1269,39,,,0
1001,'5291',1345,,1270,39,,,0
1001,'5295',1345,,1271,39,,,0
