3301,'5087',829,,1401,3,4,,0,28,,1400,3,4,,0,272,,1399,3,4,,0,289,,1398,3,4,,0,211,,1396,3,4,,0
3301,'5284',1120,,1403,3,4,,0,325,,1404,3,4,,0,159,,1405,3,4,,0
3301,'5287',829,,1411,3,4,,0,28,,1410,3,4,,0,272,,1409,3,4,,0,289,,1408,3,4,,0,211,,1406,3,4,,0
9800,'4623',1908,,1707,18,4,,0
9800,'5087',642,,1715,18,4,,0,88,,1711,18,4,,0,117,,1714,18,4,,0,181,,1712,18,4,,0,222,,1709,21,4,,0,352,,1710,27,4,,0,98,,1713,21,4,,0,48,,1708,18,4,,0
9800,'5284',928,,1718,18,4,,0,384,,1716,18,4,,0,438,,1717,18,4,,0
9800,'5287',642,,1726,18,4,,0,88,,1722,18,4,,0,117,,1725,18,4,,0,181,,1723,18,4,,0,222,,1720,21,4,,0,352,,1721,27,4,,0,98,,1724,21,4,,0,48,,1719,18,4,,0
9800,'5298',1908,,1727,18,4,,0
9801,'4623',1912,,1728,1,0,11,0
9801,'5087',648,,1734,1,0,11,0,88,,1730,1,0,7 8 2 11 2 10,0,119,,1735,1,0,7 8 2 11 2 10,0,179,,1733,1,0,11,0,222,,1729,1,0,7 8 2 11 2 10,0,352,,1731,1,0,11,0,100,,1736,1,0,11,0,48,,1732,1,0,11,0
9801,'5284',934,,1742,1,0,11,0,384,,1740,1,0,11,0,438,,1741,1,0,11,0
9801,'5287',648,,1749,1,0,11,0,88,,1745,1,0,7 8 2 11 2 10,0,119,,1750,1,0,7 8 2 11 2 10,0,179,,1748,1,0,11,0,222,,1744,1,0,7 8 2 11 2 10,0,352,,1746,1,0,11,0,100,,1751,1,0,11,0,48,,1747,1,0,11,0
9801,'5298',1912,,1755,1,0,11,0
