1000,'5087',917,,1234,31,,,0,500,,1236,31,,,0,227,,1235,31,,,0,272,,1237,31,,,0,196,,1238,31,,,0
1000,'5274',1237,,1239,31,,,0
1000,'5276',1237,,1240,31,,,0
1000,'5284',1055,,1241,31,,,0,500,,1242,31,,,0,365,,1243,31,,,0
1000,'5287',917,,1244,31,,,0,500,,1246,31,,,0,227,,1245,31,,,0,272,,1247,31,,,0,196,,1248,31,,,0
1000,'5291',1237,,1249,31,,,0
1000,'5295',1237,,1250,31,,,0
7600,'5281',1031,,1685,23,,,0
7600,'5294',1031,,1691,23,,,0
24001000,'5087',631,,1796,19,,,0,105,,1798,19,,,0,1000,,1797,26,,,0
24001000,'5284',729,,1799,19,,,0
24001000,'5287',631,,1800,19,,,0,105,,1802,19,,,0,1000,,1801,26,,,0
