1000,'5087',916,,1234,30,,,0,500,,1236,30,,,0,227,,1235,30,,,0,272,,1237,30,,,0,196,,1238,30,,,0
1000,'5274',1236,,1239,30,,,0
1000,'5276',1236,,1240,30,,,0
1000,'5284',1054,,1241,30,,,0,500,,1242,30,,,0,365,,1243,30,,,0
1000,'5287',916,,1244,30,,,0,500,,1246,30,,,0,227,,1245,30,,,0,272,,1247,30,,,0,196,,1248,30,,,0
1000,'5291',1236,,1249,30,,,0
1000,'5295',1236,,1250,30,,,0
7600,'5281',1030,,1685,22,,,0
7600,'5294',1030,,1691,22,,,0
24001000,'5087',630,,1796,18,,,0,105,,1798,18,,,0,1000,,1797,25,,,0
24001000,'5284',728,,1799,18,,,0
24001000,'5287',630,,1800,18,,,0,105,,1802,18,,,0,1000,,1801,25,,,0
