1000,'5087',900,,1234,15,,,0,500,,1236,15,,,0,225,,1235,15,,,0,275,,1237,15,,,0,156,,1238,15,,,0
1000,'5274',1220,,1239,15,,,0
1000,'5276',1220,,1240,15,,,0
1000,'5284',1037,,1241,15,,,0,499,,1242,15,,,0,366,,1243,15,,,0
1000,'5287',900,,1244,15,,,0,500,,1246,15,,,0,225,,1245,15,,,0,275,,1247,15,,,0,156,,1248,15,,,0
1000,'5291',1220,,1249,15,,,0
1000,'5295',1220,,1250,15,,,0
7600,'5281',1016,,1685,11,,,0
7600,'5294',1016,,1691,11,,,0
24001000,'5087',616,,1796,7,,,0,105,,1798,7,,,0,996,,1797,10,,,0
24001000,'5284',714,,1799,7,,,0
24001000,'5287',616,,1800,7,,,0,105,,1802,7,,,0,996,,1801,10,,,0
