4101,'5087',744,,1446,2,,,0,92,,1448,2,,,0,384,,1449,2,,,0,215,,1447,2,,,0,166,,1450,2,,,0,143,,1451,2,,,0
4101,'5284',851,,1454,2,,,0,387,,1452,2,,,0,388,,1453,2,,,0
4101,'5287',744,,1455,2,,,0,92,,1457,2,,,0,384,,1458,2,,,0,215,,1456,2,,,0,166,,1459,2,,,0,143,,1460,2,,,0
4300,'4623',2122,,1472,2,,,0
4300,'5087',731,,1474,2,0,17 1 18,0,123,,1477,2,0,17 1 18,0,97,,1473,2,,,0,153,,1478,2,0,17 1 18,0,104,,1475,2,,,0,140,,1479,2,,,0,53,,1483,2,0,17 1 18,0,111,,1482,2,,,0,27,,1480,2,,,0,179,,1476,2,,,0,124,,1481,2,,,0
4300,'5284',851,,1490,2,,,0,201,,1484,2,,,0,203,,1485,2,0,17 1 18,0,149,,1486,2,,,0,142,,1487,2,,,0,167,,1488,2,,,0,128,,1489,2,,,0
4300,'5287',731,,1492,2,0,17 1 18,0,123,,1495,2,0,17 1 18,0,97,,1491,2,,,0,153,,1496,2,0,17 1 18,0,104,,1493,2,,,0,140,,1497,2,,,0,53,,1501,2,0,17 1 18,0,103,,1500,2,,,0,35,,1498,2,,,0,179,,1494,2,,,0,124,,1499,2,,,0
4300,'5298',2122,,1502,2,,,0
4401,'4623',1956,,1532,2,0,22 23 16,0
4401,'5087',701,,1533,2,0,21,0,30,,1544,2,0,21,0,79,,1535,2,0,21,0,146,,1536,2,0,22 23 16,0,162,,1537,2,0,21,0,86,,1543,2,0,22 23 16,0,152,,1534,2,0,21,0,148,,1540,2,0,21,0,151,,1538,2,0,22 23 16,0,58,,1539,2,0,21,0,88,,1542,2,0,21,0
4401,'5284',823,,1547,2,0,21,0,196,,1549,2,0,21,0,139,,1548,2,0,21,0,360,,1545,2,0,21,0,127,,1546,2,0,21,0
4401,'5287',701,,1550,2,0,21,0,30,,1561,2,0,21,0,79,,1552,2,0,21,0,146,,1553,2,0,22 23 16,0,162,,1554,2,0,21,0,86,,1560,2,0,22 23 16,0,152,,1551,2,0,21,0,148,,1557,2,0,21,0,151,,1555,2,0,22 23 16,0,58,,1556,2,0,21,0,88,,1559,2,0,21,0
4401,'5298',1956,,1562,2,0,22 23 16,0
4500,'5087',557,,1564,2,,,0,75,,1566,2,,,0,876,,1563,2,,,0
4500,'5287',557,,1568,2,,,0,75,,1570,2,,,0,876,,1567,2,,,0
4600,'5287',821,,1592,20,,,0
4601,'4623',2022,,1598,2,,,0
4601,'5087',551,,1604,2,,,0,178,,1605,2,,,0,112,,1599,2,,,0,109,,1606,2,,,0,151,,1608,2,,,0,135,,1607,2,,,0,117,,1600,2,,,0,75,,1603,2,,,0,111,,1601,2,,,0,173,,1602,2,,,0,144,,1609,2,,,0
4601,'5284',748,,1614,2,,,0,300,,1613,2,,,0,356,,1610,2,,,0,155,,1611,2,,,0,282,,1612,2,,,0
4601,'5287',551,,1620,2,,,0,178,,1621,2,,,0,112,,1615,2,,,0,109,,1622,2,,,0,151,,1624,2,,,0,135,,1623,2,,,0,117,,1616,2,,,0,75,,1619,2,,,0,111,,1617,2,,,0,173,,1618,2,,,0,144,,1625,2,,,0
4601,'5298',2022,,1626,2,,,0
9800,'4623',1833,,1707,2,,,0
9800,'5087',606,,1715,2,,,0,46,,1711,2,,,0,157,,1714,2,,,0,141,,1712,2,,,0,256,,1709,2,0,7 8 2 9 2 10,0,303,,1710,2,0,7 8 2 9 2 10,0,108,,1713,2,0,7 8 2 9 2 10,0,93,,1708,2,,,0
9800,'5284',850,,1718,2,,,0,384,,1716,2,,,0,478,,1717,2,,,0
9800,'5287',606,,1726,2,,,0,46,,1722,2,,,0,157,,1725,2,,,0,141,,1723,2,,,0,256,,1720,2,0,7 8 2 9 2 10,0,303,,1721,2,0,7 8 2 9 2 10,0,108,,1724,2,0,7 8 2 9 2 10,0,93,,1719,2,,,0
9800,'5298',1833,,1727,2,,,0
9801,'5087',823,,1730,25,,,0
9801,'5287',823,,1745,25,,,0
24004300,'5087',523,,1809,2,,,0,95,,1807,2,,,0,33,,1806,2,,,0,171,,1808,2,,,0
24004300,'5284',724,,1810,2,,,0
24004300,'5287',523,,1814,2,,,0,95,,1812,2,,,0,33,,1811,2,,,0,171,,1813,2,,,0
