2000,'5087',703,,1288,40,,,0,225,,1289,40,,,0,322,,1290,40,,,0,577,,1291,31,,,0,119,,1292,31,,,0
2000,'5274',759,,1293,2,,,0
2000,'5276',759,,1294,2,,,0
2000,'5284',740,,1296,39,,,0,506,,1298,39,,,0,685,,1295,31,,,0
2000,'5287',703,,1299,40,,,0,225,,1300,40,,,0,322,,1301,40,,,0,577,,1302,31,,,0,119,,1303,31,,,0
2000,'5291',759,,1304,2,,,0
2000,'5295',759,,1305,2,,,0
7401,'5278',952,,1681,35,,,0
7401,'5292',952,,1682,35,,,0
9900,'5087',711,,1756,16,,,0,48,,1757,16,,,0,156,,1758,16,,,0,141,,1759,16,,,0,263,,1760,16,,,0,311,,1761,16,,,0,98,,1762,16,,,0,89,,1763,16,,,0
9900,'5284',958,,1764,16,,,0,384,,1765,16,,,0,479,,1766,16,,,0
9900,'5287',711,,1767,16,,,0,48,,1768,16,,,0,156,,1769,16,,,0,141,,1770,16,,,0,263,,1771,16,,,0,311,,1772,16,,,0,98,,1773,16,,,0,89,,1774,16,,,0
