1000,'5087',923,,1234,37,,,0,500,,1236,37,,,0,227,,1235,37,,,0,272,,1237,37,,,0,196,,1238,37,,,0
1000,'5274',1243,,1239,37,,,0
1000,'5276',1243,,1240,37,,,0
1000,'5284',1102,,1241,37,,,0,500,,1242,37,,,0,325,,1243,37,,,0
1000,'5287',923,,1244,37,,,0,500,,1246,37,,,0,227,,1245,37,,,0,272,,1247,37,,,0,196,,1248,37,,,0
1000,'5291',1243,,1249,37,,,0
1000,'5295',1243,,1250,37,,,0
7600,'5281',1038,,1685,29,,,0
7600,'5294',1038,,1691,29,,,0
24001000,'5087',637,,1796,25,,,0,105,,1798,25,,,0,1001,,1797,32,,,0
24001000,'5284',735,,1799,25,,,0
24001000,'5287',637,,1800,25,,,0,105,,1802,25,,,0,1001,,1801,32,,,0
