1001,'5087',715,,1251,25,,,0,105,,1255,25,,,0,186,,1252,25,,,0,504,,1256,25,,,0,231,,1253,25,,,0,89,,1254,25,,,0,180,,1257,25,,,0
1001,'5274',1330,,1258,25,,,0
1001,'5276',1330,,1259,25,,,0
1001,'5284',815,,1260,25,,,0,337,,1261,25,,,0,858,,1262,25,,,0
1001,'5287',715,,1263,25,,,0,105,,1267,25,,,0,186,,1264,25,,,0,504,,1268,25,,,0,231,,1265,25,,,0,89,,1266,25,,,0,180,,1269,25,,,0
1001,'5291',1330,,1270,25,,,0
1001,'5295',1330,,1271,25,,,0
7601,'5281',925,,1697,24,,,0
7601,'5294',925,,1703,24,,,0
24001001,'5087',2157,,1803,19,,,0
24001001,'5284',1646,,1804,19,,,0
24001001,'5287',2157,,1805,19,,,0
