2000,'5087',712,,1288,45,,,0,225,,1289,45,,,0,322,,1290,45,,,0,573,,1291,35,,,0,119,,1292,35,,,0
2000,'5274',808,,1293,7,,,0
2000,'5276',808,,1294,7,,,0
2000,'5284',749,,1296,44,,,0,506,,1298,44,,,0,685,,1295,36,,,0
2000,'5287',712,,1299,45,,,0,225,,1300,45,,,0,322,,1301,45,,,0,573,,1302,35,,,0,119,,1303,35,,,0
2000,'5291',808,,1304,7,,,0
2000,'5295',808,,1305,7,,,0
7401,'5278',957,,1681,39,,,0
7401,'5292',957,,1682,39,,,0
9900,'5087',716,,1756,20,,,0,88,,1757,20,,,0,116,,1758,20,,,0,181,,1759,20,,,0,223,,1760,20,,,0,311,,1761,20,,,0,98,,1762,20,,,0,89,,1763,20,,,0
9900,'5284',1003,,1764,20,,,0,344,,1765,20,,,0,479,,1766,20,,,0
9900,'5287',716,,1767,20,,,0,88,,1768,20,,,0,116,,1769,20,,,0,181,,1770,20,,,0,223,,1771,20,,,0,311,,1772,20,,,0,98,,1773,20,,,0,89,,1774,20,,,0
