2000,'5087',718,,1288,48,,,0,225,,1289,48,,,0,362,,1290,48,,,0,531,,1291,38,,,0,119,,1292,38,,,0
2000,'5274',814,,1293,10,,,0
2000,'5276',814,,1294,10,,,0
2000,'5284',755,,1296,47,,,0,546,,1298,47,,,0,645,,1295,39,,,0
2000,'5287',718,,1299,48,,,0,225,,1300,48,,,0,362,,1301,48,,,0,531,,1302,38,,,0,119,,1303,38,,,0
2000,'5291',814,,1304,10,,,0
2000,'5295',814,,1305,10,,,0
7401,'5278',1003,,1681,42,,,0
7401,'5292',1003,,1682,42,,,0
9900,'5087',721,,1756,23,,,0,88,,1757,23,,,0,115,,1758,23,,,0,182,,1759,23,,,0,223,,1760,23,,,0,311,,1761,23,,,0,98,,1762,23,,,0,89,,1763,23,,,0
9900,'5284',1008,,1764,23,,,0,344,,1765,23,,,0,479,,1766,23,,,0
9900,'5287',721,,1767,23,,,0,88,,1768,23,,,0,115,,1769,23,,,0,182,,1770,23,,,0,223,,1771,23,,,0,311,,1772,23,,,0,98,,1773,23,,,0,89,,1774,23,,,0
