1001,'5087',720,,1251,29,,,0,105,,1255,29,,,0,186,,1252,29,,,0,504,,1256,29,,,0,231,,1253,29,,,0,89,,1254,29,,,0,179,,1257,29,,,0
1001,'5274',1335,,1258,29,,,0
1001,'5276',1335,,1259,29,,,0
1001,'5284',820,,1260,29,,,0,337,,1261,29,,,0,858,,1262,29,,,0
1001,'5287',720,,1263,29,,,0,105,,1267,29,,,0,186,,1264,29,,,0,504,,1268,29,,,0,231,,1265,29,,,0,89,,1266,29,,,0,179,,1269,29,,,0
1001,'5291',1335,,1270,29,,,0
1001,'5295',1335,,1271,29,,,0
7601,'5281',928,,1697,28,,,0
7601,'5294',928,,1703,28,,,0
24001001,'5087',2200,,1803,23,,,0
24001001,'5284',1651,,1804,23,,,0
24001001,'5287',2200,,1805,23,,,0
