201,'4623',1601,,1085,28,,,0,105,,1086,28,,,0,98,,1087,28,,,0,208,,1088,28,,,0,115,,1089,28,,,0,112,,1090,27,,,0
201,'5087',639,,1093,27,,,0,68,,1094,27,,,0,113,,1092,27,,,0,28,,1091,27,,,0,77,,1095,28,,,0,29,,1096,28,,,0,103,,1097,30,,,0,68,,1098,28,,,0,106,,1099,30,,,0,96,,1100,28,,,0,106,,1101,30,,,0,19,,1102,28,,,0,176,,1103,30,,,0,296,,1104,28,,,0
201,'5088',1601,,1105,28,,,0,105,,1106,28,,,0,98,,1107,28,,,0,208,,1108,28,,,0,115,,1109,28,,,0
201,'5274',1732,,1110,28,,,0
201,'5276',1732,,1111,28,,,0
201,'5284',832,,1121,28,,,0,113,,1112,28,,,0,113,,1113,30,,,0,158,,1114,28,,,0,116,,1115,30,,,0,117,,1116,28,,,0,200,,1117,30,,,0,106,,1118,28,,,0,80,,1119,28,,,0,113,,1120,28,,,0
201,'5287',639,,1125,27,,,0,68,,1126,27,,,0,141,,1122,27,,,0,77,,1127,28,,,0,29,,1128,28,,,0,103,,1129,30,,,0,68,,1130,28,,,0,106,,1131,30,,,0,96,,1132,28,,,0,106,,1133,30,,,0,19,,1134,28,,,0,176,,1136,30,,,0,296,,1137,28,,,0
201,'5288',1601,,1138,28,,,0,105,,1139,28,,,0,98,,1140,28,,,0,208,,1141,28,,,0,115,,1142,28,,,0
201,'5291',1732,,1143,28,,,0
201,'5295',1732,,1144,28,,,0
201,'5298',1601,,1145,28,,,0,105,,1146,28,,,0,98,,1147,28,,,0,208,,1148,28,,,0,115,,1149,28,,,0,112,,1150,27,,,0
1001,'5087',731,,1251,42,,,0,105,,1255,42,,,0,188,,1252,42,,,0,503,,1256,42,,,0,231,,1253,42,,,0,89,,1254,42,,,0,179,,1257,42,,,0
1001,'5274',1347,,1258,42,,,0
1001,'5276',1347,,1259,42,,,0
1001,'5284',832,,1260,42,,,0,378,,1261,42,,,0,817,,1262,42,,,0
1001,'5287',731,,1263,42,,,0,105,,1267,42,,,0,188,,1264,42,,,0,503,,1268,42,,,0,231,,1265,42,,,0,89,,1266,42,,,0,179,,1269,42,,,0
1001,'5291',1347,,1270,42,,,0
1001,'5295',1347,,1271,42,,,0
24001001,'5087',2206,,1803,29,,,0
24001001,'5284',1658,,1804,29,,,0
24001001,'5287',2206,,1805,29,,,0
