201,'4623',1559,,1085,26,,,0,145,,1086,26,,,0,98,,1087,26,,,0,208,,1088,26,,,0,115,,1089,26,,,0,113,,1090,25,,,0
201,'5087',637,,1093,25,,,0,68,,1094,25,,,0,114,,1092,25,,,0,27,,1091,25,,,0,77,,1095,26,,,0,29,,1096,26,,,0,103,,1097,28,,,0,68,,1098,26,,,0,107,,1099,28,,,0,96,,1100,26,,,0,106,,1101,28,,,0,18,,1102,26,,,0,176,,1103,28,,,0,296,,1104,26,,,0
201,'5088',1559,,1105,26,,,0,145,,1106,26,,,0,98,,1107,26,,,0,208,,1108,26,,,0,115,,1109,26,,,0
201,'5274',1730,,1110,26,,,0
201,'5276',1730,,1111,26,,,0
201,'5284',831,,1121,26,,,0,112,,1112,26,,,0,113,,1113,28,,,0,158,,1114,26,,,0,116,,1115,28,,,0,117,,1116,26,,,0,200,,1117,28,,,0,106,,1118,26,,,0,80,,1119,26,,,0,113,,1120,26,,,0
201,'5287',637,,1125,25,,,0,68,,1126,25,,,0,114,,1124,25,,,0,27,,1122,25,,,0,77,,1127,26,,,0,29,,1128,26,,,0,103,,1129,28,,,0,68,,1130,26,,,0,107,,1131,28,,,0,96,,1132,26,,,0,106,,1133,28,,,0,18,,1134,26,,,0,176,,1136,28,,,0,296,,1137,26,,,0
201,'5288',1559,,1138,26,,,0,145,,1139,26,,,0,98,,1140,26,,,0,208,,1141,26,,,0,115,,1142,26,,,0
201,'5291',1730,,1143,26,,,0
201,'5295',1730,,1144,26,,,0
201,'5298',1559,,1145,26,,,0,145,,1146,26,,,0,98,,1147,26,,,0,208,,1148,26,,,0,115,,1149,26,,,0,113,,1150,25,,,0
1001,'5087',730,,1251,40,,,0,105,,1255,40,,,0,187,,1252,40,,,0,503,,1256,40,,,0,231,,1253,40,,,0,89,,1254,40,,,0,179,,1257,40,,,0
1001,'5274',1345,,1258,40,,,0
1001,'5276',1345,,1259,40,,,0
1001,'5284',830,,1260,40,,,0,378,,1261,40,,,0,817,,1262,40,,,0
1001,'5287',730,,1263,40,,,0,105,,1267,40,,,0,187,,1264,40,,,0,503,,1268,40,,,0,231,,1265,40,,,0,89,,1266,40,,,0,179,,1269,40,,,0
1001,'5291',1345,,1270,40,,,0
1001,'5295',1345,,1271,40,,,0
