301,'4623',1626,,1151,10,0,30,0,101,,1152,10,0,30,0,193,,1153,10,0,28 29,0,115,,1154,10,0,28 29,0,115,,1155,10,0,28 29,0,105,,1156,10,0,28 29,0
301,'5087',625,,1161,10,0,28 29,0,102,,1160,10,0,28 29,0,29,,1157,10,0,28 29,0,51,,1158,10,0,30,0,39,,1162,10,0,30,0,60,,1172,10,0,28 29,0,40,,1163,10,0,28 29,0,100,,1164,10,0,30,0,100,,1165,10,0,30,0,108,,1166,10,0,28 29,0,95,,1167,10,0,30,0,89,,1168,10,0,30,0,104,,1170,10,0,30,0,111,,1171,10,0,30,0,168,,1169,10,0,30,0
301,'5088',1626,,1173,10,0,30,0,101,,1174,10,0,30,0,193,,1175,10,0,28 29,0,115,,1176,10,0,28 29,0,115,,1177,10,0,28 29,0
301,'5274',1016,,1178,10,0,28 29,0
301,'5276',1016,,1179,10,0,28 29,0
301,'5284',820,,1180,10,0,28 29,0,35,,1182,10,0,28 29,0,176,,1181,10,0,28 29,0,90,,1184,10,0,28 29,0,115,,1183,10,0,28 29,0,120,,1185,10,0,28 29,0,160,,1186,10,0,28 29,0,35,,1187,10,0,28 29,0,303,,1188,10,0,28 29,0
301,'5287',625,,1193,10,0,28 29,0,102,,1192,10,0,28 29,0,29,,1189,10,0,28 29,0,51,,1190,10,0,30,0,39,,1194,10,0,30,0,60,,1204,10,0,28 29,0,40,,1195,10,0,28 29,0,100,,1196,10,0,30,0,100,,1197,10,0,30,0,108,,1198,10,0,28 29,0,95,,1199,10,0,30,0,89,,1200,10,0,30,0,104,,1202,10,0,30,0,111,,1203,10,0,30,0,168,,1201,10,0,30,0
301,'5288',1626,,1205,10,0,30,0,101,,1206,10,0,30,0,193,,1207,10,0,28 29,0,115,,1208,10,0,28 29,0,115,,1209,10,0,28 29,0
301,'5291',1016,,1210,10,0,28 29,0
301,'5295',1016,,1211,10,0,28 29,0
301,'5298',1626,,1212,10,0,30,0,101,,1213,10,0,30,0,193,,1214,10,0,28 29,0,115,,1215,10,0,28 29,0,115,,1216,10,0,28 29,0,105,,1217,10,0,28 29,0
