2001,'5087',455,,1306,4,,,0,260,,1307,4,,,0,319,,1308,4,,,0,573,,1309,4,,,0,127,,1310,4,,,0
2001,'5274',740,,1311,4,0,24 25,0
2001,'5276',740,,1312,4,0,24 25,0
2001,'5284',528,,1315,4,,,0,492,,1316,4,,,0,490,,1313,4,,,0
2001,'5287',455,,1317,4,,,0,260,,1318,4,,,0,319,,1319,4,,,0,573,,1320,4,,,0,127,,1321,4,,,0
2001,'5291',740,,1322,4,0,24 25,0
2001,'5295',740,,1323,4,0,24 25,0
7400,'5278',1617,,1679,7,,,0
7400,'5292',1617,,1680,7,,,0
9901,'5087',604,,1775,4,,,0,51,,1776,4,,,0,154,,1777,4,,,0,141,,1778,4,,,0,259,,1779,4,,,0,310,,1780,4,,,0,105,,1781,4,,,0,88,,1782,4,,,0
9901,'5284',852,,1783,4,,,0,383,,1784,4,,,0,475,,1785,4,,,0
9901,'5287',604,,1786,4,,,0,51,,1787,4,,,0,154,,1788,4,,,0,141,,1789,4,,,0,259,,1790,4,,,0,310,,1791,4,,,0,105,,1792,4,,,0,88,,1793,4,,,0
