1001,'5087',651,,1251,3,,,0,105,,1255,3,,,0,185,,1252,3,,,0,505,,1256,3,,,0,270,,1253,3,,,0,90,,1254,3,,,0,140,,1257,3,,,0
1001,'5274',1306,,1258,3,,,0
1001,'5276',1306,,1259,3,,,0
1001,'5284',751,,1260,3,,,0,375,,1261,3,,,0,820,,1262,3,,,0
1001,'5287',651,,1263,3,,,0,105,,1267,3,,,0,185,,1264,3,,,0,505,,1268,3,,,0,270,,1265,3,,,0,90,,1266,3,,,0,140,,1269,3,,,0
1001,'5291',1306,,1270,3,,,0
1001,'5295',1306,,1271,3,,,0
7601,'5281',906,,1697,8,,,0
7601,'5294',906,,1703,8,,,0
24001001,'5087',2136,,1803,3,,,0
24001001,'5284',1621,,1804,3,,,0
24001001,'5287',2136,,1805,3,,,0
