1001,'5087',727,,1251,34,,,0,105,,1255,34,,,0,187,,1252,34,,,0,503,,1256,34,,,0,231,,1253,34,,,0,89,,1254,34,,,0,179,,1257,34,,,0
1001,'5274',1342,,1258,34,,,0
1001,'5276',1342,,1259,34,,,0
1001,'5284',827,,1260,34,,,0,378,,1261,34,,,0,817,,1262,34,,,0
1001,'5287',727,,1263,34,,,0,105,,1267,34,,,0,187,,1264,34,,,0,503,,1268,34,,,0,231,,1265,34,,,0,89,,1266,34,,,0,179,,1269,34,,,0
1001,'5291',1342,,1270,34,,,0
1001,'5295',1342,,1271,34,,,0
7601,'5281',933,,1697,33,,,0
7601,'5294',933,,1703,33,,,0
24001001,'5087',2205,,1803,28,,,0
24001001,'5284',1657,,1804,28,,,0
24001001,'5287',2205,,1805,28,,,0
