1000,'5087',926,,1234,41,,,0,500,,1236,41,,,0,227,,1235,41,,,0,272,,1237,41,,,0,196,,1238,41,,,0
1000,'5274',1246,,1239,41,,,0
1000,'5276',1246,,1240,41,,,0
1000,'5284',1105,,1241,41,,,0,500,,1242,41,,,0,325,,1243,41,,,0
1000,'5287',926,,1244,41,,,0,500,,1246,41,,,0,227,,1245,41,,,0,272,,1247,41,,,0,196,,1248,41,,,0
1000,'5291',1246,,1249,41,,,0
1000,'5295',1246,,1250,41,,,0
1001,'5087',659,,1251,10,,,0,145,,1255,10,,,0,145,,1252,10,,,0,505,,1256,10,,,0,270,,1253,10,,,0,90,,1254,10,,,0,140,,1257,10,,,0
1001,'5274',1314,,1258,10,,,0
1001,'5276',1314,,1259,10,,,0
1001,'5284',759,,1260,10,,,0,376,,1261,10,,,0,819,,1262,10,,,0
1001,'5287',659,,1263,10,,,0,145,,1267,10,,,0,145,,1264,10,,,0,505,,1268,10,,,0,270,,1265,10,,,0,90,,1266,10,,,0,140,,1269,10,,,0
1001,'5291',1314,,1270,10,,,0
1001,'5295',1314,,1271,10,,,0
24001000,'5087',1746,,1797,36,,,0
24001000,'5287',1746,,1801,36,,,0
