1001,'5087',713,,1251,20,,,0,105,,1255,20,,,0,186,,1252,20,,,0,504,,1256,20,,,0,231,,1253,20,,,0,89,,1254,20,,,0,180,,1257,20,,,0
1001,'5274',1328,,1258,20,,,0
1001,'5276',1328,,1259,20,,,0
1001,'5284',813,,1260,20,,,0,337,,1261,20,,,0,858,,1262,20,,,0
1001,'5287',713,,1263,20,,,0,105,,1267,20,,,0,186,,1264,20,,,0,504,,1268,20,,,0,231,,1265,20,,,0,89,,1266,20,,,0,180,,1269,20,,,0
1001,'5291',1328,,1270,20,,,0
1001,'5295',1328,,1271,20,,,0
7601,'5281',924,,1697,22,,,0
7601,'5294',924,,1703,22,,,0
24001001,'5087',2155,,1803,17,,,0
24001001,'5284',1644,,1804,17,,,0
24001001,'5287',2155,,1805,17,,,0
