2000,'5087',724,,1288,50,,,0,225,,1289,50,,,0,362,,1290,50,,,0,531,,1291,40,,,0,159,,1292,40,,,0
2000,'5274',820,,1293,12,,,0
2000,'5276',820,,1294,12,,,0
2000,'5284',801,,1296,49,,,0,506,,1298,49,,,0,645,,1295,41,,,0
2000,'5287',724,,1299,50,,,0,225,,1300,50,,,0,362,,1301,50,,,0,531,,1302,40,,,0,159,,1303,40,,,0
2000,'5291',820,,1304,12,,,0
2000,'5295',820,,1305,12,,,0
7401,'5278',1010,,1681,44,,,0
7401,'5292',1010,,1682,44,,,0
9900,'5087',727,,1756,25,,,0,88,,1757,25,,,0,115,,1758,25,,,0,182,,1759,25,,,0,223,,1760,25,,,0,311,,1761,25,,,0,98,,1762,25,,,0,89,,1763,25,,,0
9900,'5284',1014,,1764,25,,,0,344,,1765,25,,,0,479,,1766,25,,,0
9900,'5287',727,,1767,25,,,0,88,,1768,25,,,0,115,,1769,25,,,0,182,,1770,25,,,0,223,,1771,25,,,0,311,,1772,25,,,0,98,,1773,25,,,0,89,,1774,25,,,0
