100,'4623',1521,,1014,4,0,29 2 35 23,0
100,'5087',839,,1022,4,0,29,0,283,,1024,4,0,29 2 35 23,0,20,,1023,4,0,29,0,202,,1026,4,0,29,0,110,,1027,4,0,29,0,96,,1028,4,0,29,0,152,,1033,4,0,29,0,55,,1034,4,0,29,0,85,,1029,4,0,29,0
100,'5088',1521,,1036,4,0,29 2 35 23,0
100,'5274',1052,,1041,4,0,29,0
100,'5276',1052,,1043,4,0,29,0
100,'5284',1002,,1047,4,0,29,0,705,,1053,4,0,29,0
100,'5287',839,,1058,4,0,29,0,283,,1060,4,0,29 2 35 23,0,20,,1059,4,0,29,0,202,,1062,4,0,29,0,110,,1063,4,0,29,0,96,,1064,4,0,29,0,152,,1069,4,0,29,0,55,,1070,4,0,29,0,85,,1065,4,0,29,0
100,'5288',1521,,1072,4,0,29 2 35 23,0
100,'5291',1052,,1077,4,0,29,0
100,'5295',1052,,1079,4,0,29,0
100,'5298',1521,,1080,4,0,29 2 35 23,0
301,'4623',1928,,1153,18,0,28 29,0,115,,1154,18,0,28 29,0,114,,1155,18,0,28 29,0,145,,1156,18,0,28 29,0
301,'5087',633,,1161,18,0,28 29,0,102,,1160,18,0,28 29,0,70,,1157,18,0,28 29,0,110,,1172,18,0,28 29,0,39,,1163,18,0,28 29,0,348,,1166,18,0,28 29,0
301,'5088',1928,,1175,18,0,28 29,0,115,,1176,18,0,28 29,0,114,,1177,18,0,28 29,0
301,'5274',1024,,1178,18,0,28 29,0
301,'5276',1024,,1179,18,0,28 29,0
301,'5284',828,,1180,18,0,28 29,0,75,,1182,18,0,28 29,0,136,,1181,18,0,28 29,0,90,,1184,18,0,28 29,0,115,,1183,18,0,28 29,0,160,,1185,18,0,28 29,0,120,,1186,18,0,28 29,0,35,,1187,18,0,28 29,0,343,,1188,18,0,28 29,0
301,'5287',633,,1193,18,0,28 29,0,102,,1192,18,0,28 29,0,70,,1189,18,0,28 29,0,110,,1204,18,0,28 29,0,39,,1195,18,0,28 29,0,348,,1198,18,0,28 29,0
301,'5288',1928,,1207,18,0,28 29,0,115,,1208,18,0,28 29,0,114,,1209,18,0,28 29,0
301,'5291',1024,,1210,18,0,28 29,0
301,'5295',1024,,1211,18,0,28 29,0
301,'5298',1928,,1214,18,0,28 29,0,115,,1215,18,0,28 29,0,114,,1216,18,0,28 29,0,145,,1217,18,0,28 29,0
