100,'4623',1530,,1014,21,,,0,406,,1015,14,,,0,115,,1016,14,,,0,153,,1017,14,,,0,105,,1018,14,,,0
100,'5087',641,,1021,14,,,0,103,,1020,14,,,0,70,,1019,14,,,0,34,,1022,21,,,0,76,,1035,14,,,0,79,,1031,14,,,0,127,,1024,21,,,0,20,,1023,21,,,0,161,,1025,14,,,0,42,,1026,21,,,0,150,,1027,21,,,0,56,,1028,21,,,0,152,,1033,21,,,0,94,,1034,21,,,0,45,,1029,21,,,0
100,'5088',1530,,1036,21,,,0,406,,1037,14,,,0,115,,1038,14,,,0,153,,1039,14,,,0
100,'5274',1033,,1040,14,,,0,67,,1041,21,,,0
100,'5276',1033,,1042,14,,,0,67,,1043,21,,,0
100,'5284',836,,1044,14,,,0,75,,1046,14,,,0,99,,1047,21,,,0,37,,1045,14,,,0,90,,1048,14,,,0,115,,1049,14,,,0,160,,1050,14,,,0,120,,1051,14,,,0,75,,1052,14,,,0,108,,1053,21,,,0,195,,1054,14,,,0
100,'5287',641,,1057,14,,,0,103,,1056,14,,,0,70,,1055,14,,,0,34,,1058,21,,,0,76,,1071,14,,,0,79,,1067,14,,,0,127,,1060,21,,,0,20,,1059,21,,,0,161,,1061,14,,,0,42,,1062,21,,,0,150,,1063,21,,,0,56,,1064,21,,,0,152,,1069,21,,,0,94,,1070,21,,,0,45,,1065,21,,,0
100,'5288',1530,,1072,21,,,0,406,,1073,14,,,0,115,,1074,14,,,0,153,,1075,14,,,0
100,'5291',1033,,1076,14,,,0,67,,1077,21,,,0
100,'5295',1033,,1078,14,,,0,67,,1079,21,,,0
100,'5298',1530,,1080,21,,,0,406,,1081,14,,,0,115,,1082,14,,,0,153,,1083,14,,,0,105,,1084,14,,,0
