2000,'5087',605,,1288,1,,,0,225,,1289,1,,,0,325,,1290,1,,,0,585,,1291,1,,,0,160,,1292,1,,,0
2000,'5284',644,,1296,1,,,0,506,,1298,1,,,0,485,,1297,1,0,24 25,0,205,,1295,1,,,0
2000,'5287',605,,1299,1,,,0,225,,1300,1,,,0,325,,1301,1,,,0,585,,1302,1,,,0,160,,1303,1,,,0
2001,'5087',557,,1306,36,4,,0,260,,1307,36,4,,0,325,,1308,38,4,,0,588,,1309,43,4,,0,119,,1310,43,4,,0
2001,'5284',630,,1315,36,4,,0,506,,1316,43,4,,0,491,,1313,43,4,,0,203,,1314,31,4,,0
2001,'5287',557,,1317,36,4,,0,260,,1318,36,4,,0,325,,1319,38,4,,0,588,,1320,43,4,,0,119,,1321,43,4,,0
5200,'5286',835,,1639,1,,,0,320,,1641,1,,,0,585,,1640,1,,,0
5200,'5296',835,,1642,1,,,0,320,,1644,1,,,0,585,,1643,1,,,0
5201,'5286',820,,1645,8,4,,0,320,,1647,8,4,,0,590,,1646,8,4,,0
5201,'5296',820,,1648,8,4,,0,320,,1650,8,4,,0,590,,1649,8,4,,0
