1001,'5087',719,,1251,28,,,0,105,,1255,28,,,0,186,,1252,28,,,0,504,,1256,28,,,0,231,,1253,28,,,0,89,,1254,28,,,0,180,,1257,28,,,0
1001,'5274',1334,,1258,28,,,0
1001,'5276',1334,,1259,28,,,0
1001,'5284',819,,1260,28,,,0,337,,1261,28,,,0,858,,1262,28,,,0
1001,'5287',719,,1263,28,,,0,105,,1267,28,,,0,186,,1264,28,,,0,504,,1268,28,,,0,231,,1265,28,,,0,89,,1266,28,,,0,180,,1269,28,,,0
1001,'5291',1334,,1270,28,,,0
1001,'5295',1334,,1271,28,,,0
7601,'5281',928,,1697,27,,,0
7601,'5294',928,,1703,27,,,0
24001001,'5087',2200,,1803,22,,,0
24001001,'5284',1650,,1804,22,,,0
24001001,'5287',2200,,1805,22,,,0
