1000,'5087',935,,1234,48,,,0,500,,1236,48,,,0,269,,1235,48,,,0,230,,1237,48,,,0,196,,1238,48,,,0
1000,'5274',1255,,1239,48,,,0
1000,'5276',1255,,1240,48,,,0
1000,'5284',1114,,1241,48,,,0,500,,1242,48,,,0,325,,1243,48,,,0
1000,'5287',935,,1244,48,,,0,500,,1246,48,,,0,269,,1245,48,,,0,230,,1247,48,,,0,196,,1248,48,,,0
1000,'5291',1255,,1249,48,,,0
1000,'5295',1255,,1250,48,,,0
7600,'5281',1048,,1685,39,,,0
7600,'5294',1048,,1691,39,,,0
24001000,'5087',647,,1796,35,,,0,105,,1798,35,,,0,1004,,1797,43,,,0
24001000,'5284',745,,1799,35,,,0
24001000,'5287',647,,1800,35,,,0,105,,1802,35,,,0,1004,,1801,43,,,0
