1000,'5087',922,,1234,36,,,0,500,,1236,36,,,0,227,,1235,36,,,0,272,,1237,36,,,0,196,,1238,36,,,0
1000,'5274',1242,,1239,36,,,0
1000,'5276',1242,,1240,36,,,0
1000,'5284',1100,,1241,36,,,0,500,,1242,36,,,0,325,,1243,36,,,0
1000,'5287',922,,1244,36,,,0,500,,1246,36,,,0,227,,1245,36,,,0,272,,1247,36,,,0,196,,1248,36,,,0
1000,'5291',1242,,1249,36,,,0
1000,'5295',1242,,1250,36,,,0
7600,'5281',1036,,1685,28,,,0
7600,'5294',1036,,1691,28,,,0
24001000,'5087',636,,1796,24,,,0,105,,1798,24,,,0,1000,,1797,31,,,0
24001000,'5284',734,,1799,24,,,0
24001000,'5287',636,,1800,24,,,0,105,,1802,24,,,0,1000,,1801,31,,,0
