2000,'5087',705,,1288,41,,,0,225,,1289,41,,,0,322,,1290,41,,,0,576,,1291,32,,,0,119,,1292,32,,,0
2000,'5274',801,,1293,3,,,0
2000,'5276',801,,1294,3,,,0
2000,'5284',742,,1296,40,,,0,506,,1298,40,,,0,685,,1295,32,,,0
2000,'5287',705,,1299,41,,,0,225,,1300,41,,,0,322,,1301,41,,,0,576,,1302,32,,,0,119,,1303,32,,,0
2000,'5291',801,,1304,3,,,0
2000,'5295',801,,1305,3,,,0
7401,'5278',954,,1681,36,,,0
7401,'5292',954,,1682,36,,,0
9900,'5087',712,,1756,17,,,0,88,,1757,17,,,0,116,,1758,17,,,0,141,,1759,17,,,0,263,,1760,17,,,0,311,,1761,17,,,0,98,,1762,17,,,0,89,,1763,17,,,0
9900,'5284',959,,1764,17,,,0,384,,1765,17,,,0,479,,1766,17,,,0
9900,'5287',712,,1767,17,,,0,88,,1768,17,,,0,116,,1769,17,,,0,141,,1770,17,,,0,263,,1771,17,,,0,311,,1772,17,,,0,98,,1773,17,,,0,89,,1774,17,,,0
