9800,'4623',1839,,1707,4,,,0
9800,'5087',611,,1715,4,,,0,47,,1711,4,,,0,157,,1714,4,,,0,141,,1712,4,,,0,262,,1709,7,0,7 8 2 9 2 10,0,312,,1710,13,0,7 8 2 9 2 10,0,99,,1713,7,0,7 8 2 9 2 10,0,88,,1708,4,,,0
9800,'5284',856,,1718,4,,,0,384,,1716,4,,,0,478,,1717,4,,,0
9800,'5287',611,,1726,4,,,0,47,,1722,4,,,0,157,,1725,4,,,0,141,,1723,4,,,0,262,,1720,7,0,7 8 2 9 2 10,0,312,,1721,13,0,7 8 2 9 2 10,0,99,,1724,7,0,7 8 2 9 2 10,0,88,,1719,4,,,0
9800,'5298',1839,,1727,4,,,0
9801,'4623',1942,,1728,18,0,11,0
9801,'5087',541,,1738,5,0,11,0,109,,1737,5,0,11,0,68,,1734,18,0,11,0,88,,1730,18,0,7 8 2 11 2 10,0,120,,1735,18,0,7 8 2 11 2 10,0,179,,1733,18,0,11,0,223,,1729,18,0,7 8 2 11 2 10,0,124,,1739,5,0,11,0,188,,1731,18,0,11,0,100,,1736,18,0,11,0,88,,1732,18,0,11,0
9801,'5284',736,,1743,5,0,11,0,269,,1742,18,0,11,0,344,,1740,18,0,11,0,478,,1741,18,0,11,0
9801,'5287',541,,1753,5,0,11,0,109,,1752,5,0,11,0,68,,1749,18,0,11,0,88,,1745,18,0,7 8 2 11 2 10,0,120,,1750,18,0,7 8 2 11 2 10,0,179,,1748,18,0,11,0,223,,1744,18,0,7 8 2 11 2 10,0,124,,1754,5,0,11,0,188,,1746,18,0,11,0,100,,1751,18,0,11,0,88,,1747,18,0,11,0
9801,'5298',1942,,1755,18,0,11,0
