3101,'5087',722,,1337,14,4,,0,89,,1335,1,0,13,0,34,,1335,29,4,,0,75,,1336,1,0,12 7,0,87,,1333,14,4,,0,3,,1334,1,0,13,0,32,,1334,29,4,,0,3,,1330,1,0,13,0,72,,1330,29,4,,0,32,,1332,1,0,12 7,0,87,,1331,14,4,,0,72,,1329,1,0,13,0,33,,1329,29,4,,0,88,,1328,1,0,13,0,71,,1327,1,0,13,0,2,,1328,29,4,,0,31,,1327,29,4,,0,69,,1325,1,0,13,0,33,,1325,29,4,,0,10,,1326,1,0,12 7,0,111,,1324,1,0,12 7,0
3101,'5284',913,,1343,14,4,,0,36,,1341,1,0,12 7,0,88,,1340,14,4,,0,99,,1338,1,0,12 7,0,88,,1339,14,4,,0,109,,1342,1,0,13,0,72,,1342,29,4,,0,98,,1344,1,0,12 7,0,48,,1345,14,4,,0
3101,'5287',722,,1359,14,4,,0,89,,1357,1,0,13,0,34,,1357,29,4,,0,75,,1358,1,0,12 7,0,87,,1355,14,4,,0,3,,1356,1,0,13,0,32,,1356,29,4,,0,3,,1352,1,0,13,0,72,,1352,29,4,,0,32,,1354,1,0,12 7,0,87,,1353,14,4,,0,72,,1351,1,0,13,0,33,,1351,29,4,,0,88,,1350,1,0,13,0,71,,1349,1,0,13,0,2,,1350,29,4,,0,31,,1349,29,4,,0,69,,1347,1,0,13,0,33,,1347,29,4,,0,10,,1348,1,0,12 7,0,111,,1346,1,0,12 7,0
3201,'5087',725,,1367,1,0,14 3 15,0,91,,1367,32,4,,0,594,,1364,1,0,15,0,40,,1364,31,4,,0,87,,1363,1,0,15,0,80,,1363,31,4,,0,4,,1362,1,0,14 16,0,79,,1362,22,4,,0,29,,1360,23,4,,0,95,,1361,11,4,,0
3201,'5287',725,,1379,1,0,14 3 15,0,91,,1379,32,4,,0,594,,1376,1,0,15,0,40,,1376,31,4,,0,87,,1375,1,0,15,0,80,,1375,31,4,,0,4,,1374,1,0,14 16,0,79,,1374,22,4,,0,29,,1372,23,4,,0,95,,1373,11,4,,0
3300,'5087',839,,1386,5,4,,0,68,,1385,5,4,,0,232,,1384,5,4,,0,289,,1383,5,4,,0,191,,1381,5,4,,0,20,,1382,5,4,,0
3300,'5284',1131,,1387,5,4,,0,325,,1388,5,4,,0,158,,1389,5,4,,0
3300,'5287',839,,1395,5,4,,0,68,,1394,5,4,,0,232,,1393,5,4,,0,289,,1392,5,4,,0,191,,1390,5,4,,0,20,,1391,5,4,,0
3301,'5087',725,,1402,1,0,19 20,0,95,,1401,1,,,0,28,,1400,1,,,0,272,,1399,1,,,0,289,,1398,1,,,0,119,,1397,1,0,19 20,0,92,,1396,1,,,0
3301,'5284',1112,,1403,1,,,0,325,,1404,1,,,0,119,,1405,1,,,0
3301,'5287',725,,1412,1,0,19 20,0,95,,1411,1,,,0,28,,1410,1,,,0,272,,1409,1,,,0,289,,1408,1,,,0,119,,1407,1,0,19 20,0,92,,1406,1,,,0
3400,'5087',647,,1421,1,,,0,75,,1421,28,4,,0,17,,1422,1,,,0,69,,1422,27,4,,0,40,,1420,1,,,0,69,,1420,27,4,,0,193,,1419,1,,,0,35,,1419,28,4,,0,199,,1418,1,,,0,62,,1418,22,4,,0,99,,1417,1,,,0,29,,1417,27,4,,0,3,,1416,1,,,0,22,,1416,22,4,,0,83,,1415,1,,,0,75,,1415,28,4,,0,15,,1413,1,,,0,22,,1413,22,4,,0,72,,1414,1,,,0,21,,1414,22,4,,0
3400,'5284',916,,1424,1,,,0,27,,1424,27,4,,0,99,,1423,1,,,0,67,,1423,27,4,,0,298,,1425,1,,,0,27,,1425,27,4,,0
3400,'5287',647,,1434,1,,,0,75,,1434,28,4,,0,17,,1435,1,,,0,69,,1435,27,4,,0,40,,1433,1,,,0,69,,1433,27,4,,0,193,,1432,1,,,0,35,,1432,28,4,,0,199,,1431,1,,,0,62,,1431,22,4,,0,99,,1430,1,,,0,29,,1430,27,4,,0,3,,1429,1,,,0,22,,1429,22,4,,0,83,,1428,1,,,0,75,,1428,28,4,,0,15,,1426,1,,,0,22,,1426,22,4,,0,72,,1427,1,,,0,21,,1427,22,4,,0
3601,'5087',809,,1438,21,4,,0,430,,1437,1,,,0,67,,1437,19,4,,0
3601,'5287',809,,1441,21,4,,0,430,,1440,1,,,0,67,,1440,19,4,,0
3800,'5279',958,,1443,25,,,0,450,,1442,25,,,0
3800,'5293',958,,1445,25,,,0,450,,1444,25,,,0
9800,'4623',1900,,1707,16,,,0
9800,'5087',633,,1715,16,,,0,88,,1711,16,,,0,117,,1714,16,,,0,181,,1712,16,,,0,222,,1709,19,0,7 8 2 9 2 10,0,312,,1710,25,0,7 8 2 9 2 10,0,98,,1713,19,0,7 8 2 9 2 10,0,88,,1708,16,,,0
9800,'5284',919,,1718,16,,,0,384,,1716,16,,,0,438,,1717,16,,,0
9800,'5287',633,,1726,16,,,0,88,,1722,16,,,0,117,,1725,16,,,0,181,,1723,16,,,0,222,,1720,19,0,7 8 2 9 2 10,0,312,,1721,25,0,7 8 2 9 2 10,0,98,,1724,19,0,7 8 2 9 2 10,0,88,,1719,16,,,0
9800,'5298',1900,,1727,16,,,0
9801,'4623',1921,,1728,5,0,11,0
9801,'5087',657,,1734,5,0,11,0,88,,1730,5,0,7 8 2 11 2 10,0,160,,1735,5,0,7 8 2 11 2 10,0,139,,1733,5,0,11,0,262,,1729,5,0,7 8 2 11 2 10,0,312,,1731,5,0,11,0,100,,1736,5,0,11,0,88,,1732,5,0,11,0
9801,'5284',943,,1742,5,0,11,0,384,,1740,5,0,11,0,478,,1741,5,0,11,0
9801,'5287',657,,1749,5,0,11,0,88,,1745,5,0,7 8 2 11 2 10,0,160,,1750,5,0,7 8 2 11 2 10,0,139,,1748,5,0,11,0,262,,1744,5,0,7 8 2 11 2 10,0,312,,1746,5,0,11,0,100,,1751,5,0,11,0,88,,1747,5,0,11,0
9801,'5298',1921,,1755,5,0,11,0
