100,'4623',1939,,1015,19,,,0,115,,1016,19,,,0,153,,1017,19,,,0,105,,1018,19,,,0
100,'5087',747,,1020,19,,,0,70,,1019,19,,,0,34,,1022,26,,,0,3,,1030,8,,,0,73,,1035,19,,,0,79,,1031,19,,,0,147,,1023,26,,,0,161,,1025,19,,,0,10,,1032,8,,,0,32,,1026,26,,,0,150,,1027,26,,,0,96,,1028,26,,,0,112,,1033,26,,,0,94,,1034,26,,,0,45,,1029,26,,,0
100,'5088',1939,,1037,19,,,0,115,,1038,19,,,0,153,,1039,19,,,0
100,'5274',1036,,1040,19,,,0,67,,1041,26,,,0
100,'5276',1036,,1042,19,,,0,67,,1043,26,,,0
100,'5284',839,,1044,19,,,0,75,,1046,19,,,0,99,,1047,26,,,0,37,,1045,19,,,0,90,,1048,19,,,0,115,,1049,19,,,0,160,,1050,19,,,0,120,,1051,19,,,0,75,,1052,19,,,0,108,,1053,26,,,0,195,,1054,19,,,0
100,'5287',747,,1056,19,,,0,70,,1055,19,,,0,34,,1058,26,,,0,3,,1066,8,,,0,73,,1071,19,,,0,79,,1067,19,,,0,147,,1059,26,,,0,161,,1061,19,,,0,10,,1068,8,,,0,32,,1062,26,,,0,150,,1063,26,,,0,96,,1064,26,,,0,112,,1069,26,,,0,94,,1070,26,,,0,45,,1065,26,,,0
100,'5288',1939,,1073,19,,,0,115,,1074,19,,,0,153,,1075,19,,,0
100,'5291',1036,,1076,19,,,0,67,,1077,26,,,0
100,'5295',1036,,1078,19,,,0,67,,1079,26,,,0
100,'5298',1939,,1081,19,,,0,115,,1082,19,,,0,153,,1083,19,,,0,105,,1084,19,,,0
7600,'5281',1000,,1685,1,,,0
7600,'5294',1000,,1691,1,,,0
7601,'5281',950,,1697,41,4,,0
7601,'5294',950,,1703,41,4,,0
