1000,'5087',905,,1234,19,,,0,500,,1236,19,,,0,226,,1235,19,,,0,274,,1237,19,,,0,196,,1238,19,,,0
1000,'5274',1225,,1239,19,,,0
1000,'5276',1225,,1240,19,,,0
1000,'5284',1043,,1241,19,,,0,499,,1242,19,,,0,366,,1243,19,,,0
1000,'5287',905,,1244,19,,,0,500,,1246,19,,,0,226,,1245,19,,,0,274,,1247,19,,,0,196,,1248,19,,,0
1000,'5291',1225,,1249,19,,,0
1000,'5295',1225,,1250,19,,,0
7600,'5281',1020,,1685,15,,,0
7600,'5294',1020,,1691,15,,,0
24001000,'5087',620,,1796,11,,,0,105,,1798,11,,,0,998,,1797,14,,,0
24001000,'5284',718,,1799,11,,,0
24001000,'5287',620,,1800,11,,,0,105,,1802,11,,,0,998,,1801,14,,,0
