1001,'5087',724,,1251,32,,,0,105,,1255,32,,,0,187,,1252,32,,,0,503,,1256,32,,,0,231,,1253,32,,,0,89,,1254,32,,,0,180,,1257,32,,,0
1001,'5274',1339,,1258,32,,,0
1001,'5276',1339,,1259,32,,,0
1001,'5284',824,,1260,32,,,0,378,,1261,32,,,0,817,,1262,32,,,0
1001,'5287',724,,1263,32,,,0,105,,1267,32,,,0,187,,1264,32,,,0,503,,1268,32,,,0,231,,1265,32,,,0,89,,1266,32,,,0,180,,1269,32,,,0
1001,'5291',1339,,1270,32,,,0
1001,'5295',1339,,1271,32,,,0
7601,'5281',931,,1697,31,,,0
7601,'5294',931,,1703,31,,,0
24001001,'5087',2203,,1803,26,,,0
24001001,'5284',1654,,1804,26,,,0
24001001,'5287',2203,,1805,26,,,0
