1000,'5087',932,,1234,47,,,0,500,,1236,47,,,0,269,,1235,47,,,0,231,,1237,47,,,0,195,,1238,47,,,0
1000,'5274',1252,,1239,47,,,0
1000,'5276',1252,,1240,47,,,0
1000,'5284',1112,,1241,47,,,0,500,,1242,47,,,0,325,,1243,47,,,0
1000,'5287',932,,1244,47,,,0,500,,1246,47,,,0,269,,1245,47,,,0,231,,1247,47,,,0,195,,1248,47,,,0
1000,'5291',1252,,1249,47,,,0
1000,'5295',1252,,1250,47,,,0
7600,'5281',1046,,1685,38,,,0
7600,'5294',1046,,1691,38,,,0
24001000,'5087',645,,1796,34,,,0,105,,1798,34,,,0,1004,,1797,42,,,0
24001000,'5284',743,,1799,34,,,0
24001000,'5287',645,,1800,34,,,0,105,,1802,34,,,0,1004,,1801,42,,,0
