100,'4623',1523,,1014,8,,,0,407,,1015,1,,,0,115,,1016,1,,,0,114,,1017,1,,,0,145,,1018,1,,,0
100,'5087',635,,1021,1,,,0,102,,1020,1,,,0,70,,1019,1,,,0,34,,1022,8,,,0,76,,1035,1,,,0,39,,1031,1,,,0,167,,1024,8,,,0,20,,1023,8,,,0,161,,1025,1,,,0,42,,1026,8,,,0,110,,1027,8,,,0,96,,1028,8,,,0,152,,1033,8,,,0,54,,1034,8,,,0,85,,1029,8,,,0
100,'5088',1523,,1036,8,,,0,407,,1037,1,,,0,115,,1038,1,,,0,114,,1039,1,,,0
100,'5274',1026,,1040,1,,,0,27,,1041,8,,,0
100,'5276',1026,,1042,1,,,0,27,,1043,8,,,0
100,'5284',830,,1044,1,,,0,75,,1046,1,,,0,99,,1047,8,,,0,37,,1045,1,,,0,90,,1048,1,,,0,115,,1049,1,,,0,160,,1050,1,,,0,120,,1051,1,,,0,75,,1052,1,,,0,108,,1053,8,,,0,195,,1054,1,,,0
100,'5287',635,,1057,1,,,0,102,,1056,1,,,0,70,,1055,1,,,0,34,,1058,8,,,0,76,,1071,1,,,0,39,,1067,1,,,0,167,,1060,8,,,0,20,,1059,8,,,0,161,,1061,1,,,0,42,,1062,8,,,0,110,,1063,8,,,0,96,,1064,8,,,0,152,,1069,8,,,0,54,,1070,8,,,0,85,,1065,8,,,0
100,'5288',1523,,1072,8,,,0,407,,1073,1,,,0,115,,1074,1,,,0,114,,1075,1,,,0
100,'5291',1026,,1076,1,,,0,27,,1077,8,,,0
100,'5295',1026,,1078,1,,,0,27,,1079,8,,,0
100,'5298',1523,,1080,8,,,0,407,,1081,1,,,0,115,,1082,1,,,0,114,,1083,1,,,0,145,,1084,1,,,0
301,'4623',1930,,1153,22,4,,0,115,,1154,22,4,,0,114,,1155,22,4,,0,145,,1156,22,4,,0
301,'5087',635,,1161,22,4,,0,102,,1160,22,4,,0,70,,1157,22,4,,0,110,,1172,22,4,,0,39,,1163,22,4,,0,348,,1166,22,4,,0
301,'5088',1930,,1175,22,4,,0,115,,1176,22,4,,0,114,,1177,22,4,,0
301,'5274',1026,,1178,22,4,,0
301,'5276',1026,,1179,22,4,,0
301,'5284',830,,1180,22,4,,0,75,,1182,22,4,,0,136,,1181,22,4,,0,90,,1184,22,4,,0,115,,1183,22,4,,0,160,,1185,22,4,,0,120,,1186,22,4,,0,75,,1187,22,4,,0,303,,1188,22,4,,0
301,'5287',635,,1193,22,4,,0,102,,1192,22,4,,0,70,,1189,22,4,,0,110,,1204,22,4,,0,39,,1195,22,4,,0,348,,1198,22,4,,0
301,'5288',1930,,1207,22,4,,0,115,,1208,22,4,,0,114,,1209,22,4,,0
301,'5291',1026,,1210,22,4,,0
301,'5295',1026,,1211,22,4,,0
301,'5298',1930,,1214,22,4,,0,115,,1215,22,4,,0,114,,1216,22,4,,0,145,,1217,22,4,,0
