201,'4623',1557,,1085,22,,,0,145,,1086,22,,,0,98,,1087,22,,,0,208,,1088,22,,,0,115,,1089,22,,,0,113,,1090,21,,,0
201,'5087',635,,1093,21,,,0,68,,1094,21,,,0,112,,1092,21,,,0,29,,1091,21,,,0,77,,1095,22,,,0,29,,1096,22,,,0,102,,1097,24,,,0,69,,1098,22,,,0,105,,1099,24,,,0,97,,1100,22,,,0,105,,1101,24,,,0,20,,1102,22,,,0,176,,1103,24,,,0,296,,1104,22,,,0
201,'5088',1557,,1105,22,,,0,145,,1106,22,,,0,98,,1107,22,,,0,208,,1108,22,,,0,115,,1109,22,,,0
201,'5274',1728,,1110,22,,,0
201,'5276',1728,,1111,22,,,0
201,'5284',829,,1121,22,,,0,112,,1112,22,,,0,112,,1113,24,,,0,159,,1114,22,,,0,115,,1115,24,,,0,118,,1116,22,,,0,199,,1117,24,,,0,107,,1118,22,,,0,80,,1119,22,,,0,113,,1120,22,,,0
201,'5287',635,,1125,21,,,0,68,,1126,21,,,0,112,,1124,21,,,0,29,,1122,21,,,0,77,,1127,22,,,0,29,,1128,22,,,0,102,,1129,24,,,0,69,,1130,22,,,0,105,,1131,24,,,0,97,,1132,22,,,0,105,,1133,24,,,0,20,,1134,22,,,0,176,,1136,24,,,0,296,,1137,22,,,0
201,'5288',1557,,1138,22,,,0,145,,1139,22,,,0,98,,1140,22,,,0,208,,1141,22,,,0,115,,1142,22,,,0
201,'5291',1728,,1143,22,,,0
201,'5295',1728,,1144,22,,,0
201,'5298',1557,,1145,22,,,0,145,,1146,22,,,0,98,,1147,22,,,0,208,,1148,22,,,0,115,,1149,22,,,0,113,,1150,21,,,0
1001,'5087',728,,1251,36,,,0,105,,1255,36,,,0,187,,1252,36,,,0,503,,1256,36,,,0,231,,1253,36,,,0,89,,1254,36,,,0,179,,1257,36,,,0
1001,'5274',1343,,1258,36,,,0
1001,'5276',1343,,1259,36,,,0
1001,'5284',828,,1260,36,,,0,378,,1261,36,,,0,817,,1262,36,,,0
1001,'5287',728,,1263,36,,,0,105,,1267,36,,,0,187,,1264,36,,,0,503,,1268,36,,,0,231,,1265,36,,,0,89,,1266,36,,,0,179,,1269,36,,,0
1001,'5291',1343,,1270,36,,,0
1001,'5295',1343,,1271,36,,,0
