1000,'5087',921,,1234,35,,,0,500,,1236,35,,,0,227,,1235,35,,,0,272,,1237,35,,,0,196,,1238,35,,,0
1000,'5274',1241,,1239,35,,,0
1000,'5276',1241,,1240,35,,,0
1000,'5284',1059,,1241,35,,,0,500,,1242,35,,,0,365,,1243,35,,,0
1000,'5287',921,,1244,35,,,0,500,,1246,35,,,0,227,,1245,35,,,0,272,,1247,35,,,0,196,,1248,35,,,0
1000,'5291',1241,,1249,35,,,0
1000,'5295',1241,,1250,35,,,0
7600,'5281',1036,,1685,27,,,0
7600,'5294',1036,,1691,27,,,0
24001000,'5087',635,,1796,23,,,0,105,,1798,23,,,0,1000,,1797,30,,,0
24001000,'5284',733,,1799,23,,,0
24001000,'5287',635,,1800,23,,,0,105,,1802,23,,,0,1000,,1801,30,,,0
