2001,'5087',454,,1306,3,,,0,260,,1307,3,,,0,319,,1308,3,,,0,573,,1309,3,,,0,127,,1310,3,,,0
2001,'5274',739,,1311,3,0,24 25,0
2001,'5276',739,,1312,3,0,24 25,0
2001,'5284',527,,1315,3,,,0,492,,1316,3,,,0,490,,1313,3,,,0
2001,'5287',454,,1317,3,,,0,260,,1318,3,,,0,319,,1319,3,,,0,573,,1320,3,,,0,127,,1321,3,,,0
2001,'5291',739,,1322,3,0,24 25,0
2001,'5295',739,,1323,3,0,24 25,0
7400,'5278',1616,,1679,6,,,0
7400,'5292',1616,,1680,6,,,0
9901,'5087',603,,1775,3,,,0,51,,1776,3,,,0,154,,1777,3,,,0,141,,1778,3,,,0,259,,1779,3,,,0,310,,1780,3,,,0,105,,1781,3,,,0,88,,1782,3,,,0
9901,'5284',851,,1783,3,,,0,383,,1784,3,,,0,475,,1785,3,,,0
9901,'5287',603,,1786,3,,,0,51,,1787,3,,,0,154,,1788,3,,,0,141,,1789,3,,,0,259,,1790,3,,,0,310,,1791,3,,,0,105,,1792,3,,,0,88,,1793,3,,,0
