1000,'5087',924,,1234,39,,,0,500,,1236,39,,,0,227,,1235,39,,,0,272,,1237,39,,,0,196,,1238,39,,,0
1000,'5274',1244,,1239,39,,,0
1000,'5276',1244,,1240,39,,,0
1000,'5284',1103,,1241,39,,,0,500,,1242,39,,,0,325,,1243,39,,,0
1000,'5287',924,,1244,39,,,0,500,,1246,39,,,0,227,,1245,39,,,0,272,,1247,39,,,0,196,,1248,39,,,0
1000,'5291',1244,,1249,39,,,0
1000,'5295',1244,,1250,39,,,0
7600,'5281',1039,,1685,31,,,0
7600,'5294',1039,,1691,31,,,0
24001000,'5087',638,,1796,27,,,0,105,,1798,27,,,0,1001,,1797,34,,,0
24001000,'5284',736,,1799,27,,,0
24001000,'5287',638,,1800,27,,,0,105,,1802,27,,,0,1001,,1801,34,,,0
