1000,'5087',916,,1234,29,,,0,500,,1236,29,,,0,227,,1235,29,,,0,272,,1237,29,,,0,196,,1238,29,,,0
1000,'5274',1236,,1239,29,,,0
1000,'5276',1236,,1240,29,,,0
1000,'5284',1054,,1241,29,,,0,500,,1242,29,,,0,365,,1243,29,,,0
1000,'5287',916,,1244,29,,,0,500,,1246,29,,,0,227,,1245,29,,,0,272,,1247,29,,,0,196,,1248,29,,,0
1000,'5291',1236,,1249,29,,,0
1000,'5295',1236,,1250,29,,,0
7600,'5281',1030,,1685,21,,,0
7600,'5294',1030,,1691,21,,,0
24001000,'5087',630,,1796,17,,,0,105,,1798,17,,,0,1000,,1797,24,,,0
24001000,'5284',728,,1799,17,,,0
24001000,'5287',630,,1800,17,,,0,105,,1802,17,,,0,1000,,1801,24,,,0
