1000,'5087',918,,1234,32,,,0,500,,1236,32,,,0,227,,1235,32,,,0,272,,1237,32,,,0,196,,1238,32,,,0
1000,'5274',1238,,1239,32,,,0
1000,'5276',1238,,1240,32,,,0
1000,'5284',1056,,1241,32,,,0,500,,1242,32,,,0,365,,1243,32,,,0
1000,'5287',918,,1244,32,,,0,500,,1246,32,,,0,227,,1245,32,,,0,272,,1247,32,,,0,196,,1248,32,,,0
1000,'5291',1238,,1249,32,,,0
1000,'5295',1238,,1250,32,,,0
7600,'5281',1032,,1685,24,,,0
7600,'5294',1032,,1691,24,,,0
24001000,'5087',632,,1796,20,,,0,105,,1798,20,,,0,1000,,1797,27,,,0
24001000,'5284',730,,1799,20,,,0
24001000,'5287',632,,1800,20,,,0,105,,1802,20,,,0,1000,,1801,27,,,0
