100,'4623',1520,,1014,3,0,29 2 35 23,0
100,'5087',838,,1022,3,0,29,0,13,,1030,3,0,23 16,0,270,,1024,3,0,29 2 35 23,0,20,,1023,3,0,29,0,180,,1032,3,0,23 16,0,22,,1026,3,0,29,0,110,,1027,3,0,29,0,96,,1028,3,0,29,0,152,,1033,3,0,29,0,55,,1034,3,0,29,0,85,,1029,3,0,29,0
100,'5088',1520,,1036,3,0,29 2 35 23,0
100,'5274',1051,,1041,3,0,29,0
100,'5276',1051,,1043,3,0,29,0
100,'5284',1001,,1047,3,0,29,0,705,,1053,3,0,29,0
100,'5287',838,,1058,3,0,29,0,13,,1066,3,0,23 16,0,270,,1060,3,0,29 2 35 23,0,20,,1059,3,0,29,0,180,,1068,3,0,23 16,0,22,,1062,3,0,29,0,110,,1063,3,0,29,0,96,,1064,3,0,29,0,152,,1069,3,0,29,0,55,,1070,3,0,29,0,85,,1065,3,0,29,0
100,'5288',1520,,1072,3,0,29 2 35 23,0
100,'5291',1051,,1077,3,0,29,0
100,'5295',1051,,1079,3,0,29,0
100,'5298',1520,,1080,3,0,29 2 35 23,0
301,'4623',1621,,1151,3,0,30,0,101,,1152,3,0,30,0,194,,1153,3,0,28 29,0,115,,1154,3,0,28 29,0,115,,1155,3,0,28 29,0,105,,1156,3,0,28 29,0
301,'5087',621,,1161,3,0,28 29,0,100,,1160,3,0,28 29,0,15,,1159,3,0,5 6 16,0,14,,1157,3,0,28 29,0,51,,1158,3,0,30,0,40,,1162,3,0,30,0,60,,1172,3,0,28 29,0,40,,1163,3,0,28 29,0,100,,1164,3,0,30,0,100,,1165,3,0,30,0,108,,1166,3,0,28 29,0,95,,1167,3,0,30,0,89,,1168,3,0,30,0,103,,1170,3,0,30,0,112,,1171,3,0,30,0,168,,1169,3,0,30,0
301,'5088',1621,,1173,3,0,30,0,101,,1174,3,0,30,0,194,,1175,3,0,28 29,0,115,,1176,3,0,28 29,0,115,,1177,3,0,28 29,0
301,'5274',1011,,1178,3,0,28 29,0
301,'5276',1011,,1179,3,0,28 29,0
301,'5284',816,,1180,3,0,28 29,0,35,,1182,3,0,28 29,0,175,,1181,3,0,28 29,0,90,,1184,3,0,28 29,0,115,,1183,3,0,28 29,0,120,,1185,3,0,28 29,0,160,,1186,3,0,28 29,0,35,,1187,3,0,28 29,0,303,,1188,3,0,28 29,0
301,'5287',621,,1193,3,0,28 29,0,100,,1192,3,0,28 29,0,15,,1191,3,0,5 6 16,0,14,,1189,3,0,28 29,0,51,,1190,3,0,30,0,40,,1194,3,0,30,0,60,,1204,3,0,28 29,0,40,,1195,3,0,28 29,0,100,,1196,3,0,30,0,100,,1197,3,0,30,0,108,,1198,3,0,28 29,0,95,,1199,3,0,30,0,89,,1200,3,0,30,0,103,,1202,3,0,30,0,112,,1203,3,0,30,0,168,,1201,3,0,30,0
301,'5288',1621,,1205,3,0,30,0,101,,1206,3,0,30,0,194,,1207,3,0,28 29,0,115,,1208,3,0,28 29,0,115,,1209,3,0,28 29,0
301,'5291',1011,,1210,3,0,28 29,0
301,'5295',1011,,1211,3,0,28 29,0
301,'5298',1621,,1212,3,0,30,0,101,,1213,3,0,30,0,194,,1214,3,0,28 29,0,115,,1215,3,0,28 29,0,115,,1216,3,0,28 29,0,105,,1217,3,0,28 29,0
1500,'5274',831,,1282,3,,,0,575,,1283,3,,,0,245,,1284,3,,,0
1500,'5295',831,,1285,3,,,0,575,,1286,3,,,0,245,,1287,3,,,0
7201,'5276',720,,1674,6,0,36,0,527,,1673,6,,,0,470,,1675,6,,,0
7201,'5291',720,,1677,6,0,36,0,527,,1676,6,,,0,470,,1678,6,,,0
