1000,'5087',900,,1234,14,,,0,500,,1236,14,,,0,225,,1235,14,,,0,275,,1237,14,,,0,156,,1238,14,,,0
1000,'5274',1220,,1239,14,,,0
1000,'5276',1220,,1240,14,,,0
1000,'5284',1037,,1241,14,,,0,499,,1242,14,,,0,366,,1243,14,,,0
1000,'5287',900,,1244,14,,,0,500,,1246,14,,,0,225,,1245,14,,,0,275,,1247,14,,,0,156,,1248,14,,,0
1000,'5291',1220,,1249,14,,,0
1000,'5295',1220,,1250,14,,,0
7600,'5281',1016,,1685,10,,,0
7600,'5294',1016,,1691,10,,,0
24001000,'5087',616,,1796,6,,,0,105,,1798,6,,,0,996,,1797,9,,,0
24001000,'5284',714,,1799,6,,,0
24001000,'5287',616,,1800,6,,,0,105,,1802,6,,,0,996,,1801,9,,,0
