301,'4623',1625,,1151,9,0,30,0,101,,1152,9,0,30,0,194,,1153,9,0,28 29,0,115,,1154,9,0,28 29,0,115,,1155,9,0,28 29,0,105,,1156,9,0,28 29,0
301,'5087',625,,1161,9,0,28 29,0,101,,1160,9,0,28 29,0,29,,1157,9,0,28 29,0,51,,1158,9,0,30,0,39,,1162,9,0,30,0,60,,1172,9,0,28 29,0,40,,1163,9,0,28 29,0,100,,1164,9,0,30,0,100,,1165,9,0,30,0,108,,1166,9,0,28 29,0,95,,1167,9,0,30,0,89,,1168,9,0,30,0,104,,1170,9,0,30,0,111,,1171,9,0,30,0,168,,1169,9,0,30,0
301,'5088',1625,,1173,9,0,30,0,101,,1174,9,0,30,0,194,,1175,9,0,28 29,0,115,,1176,9,0,28 29,0,115,,1177,9,0,28 29,0
301,'5274',1015,,1178,9,0,28 29,0
301,'5276',1015,,1179,9,0,28 29,0
301,'5284',820,,1180,9,0,28 29,0,35,,1182,9,0,28 29,0,176,,1181,9,0,28 29,0,90,,1184,9,0,28 29,0,115,,1183,9,0,28 29,0,120,,1185,9,0,28 29,0,160,,1186,9,0,28 29,0,35,,1187,9,0,28 29,0,303,,1188,9,0,28 29,0
301,'5287',625,,1193,9,0,28 29,0,101,,1192,9,0,28 29,0,29,,1189,9,0,28 29,0,51,,1190,9,0,30,0,39,,1194,9,0,30,0,60,,1204,9,0,28 29,0,40,,1195,9,0,28 29,0,100,,1196,9,0,30,0,100,,1197,9,0,30,0,108,,1198,9,0,28 29,0,95,,1199,9,0,30,0,89,,1200,9,0,30,0,104,,1202,9,0,30,0,111,,1203,9,0,30,0,168,,1201,9,0,30,0
301,'5288',1625,,1205,9,0,30,0,101,,1206,9,0,30,0,194,,1207,9,0,28 29,0,115,,1208,9,0,28 29,0,115,,1209,9,0,28 29,0
301,'5291',1015,,1210,9,0,28 29,0
301,'5295',1015,,1211,9,0,28 29,0
301,'5298',1625,,1212,9,0,30,0,101,,1213,9,0,30,0,194,,1214,9,0,28 29,0,115,,1215,9,0,28 29,0,115,,1216,9,0,28 29,0,105,,1217,9,0,28 29,0
