201,'4623',1548,,1085,11,0,32,0,105,,1086,11,0,32,0,99,,1087,11,0,32,0,249,,1088,11,0,32,0,115,,1089,11,0,32,0,113,,1090,10,0,32,0
201,'5087',628,,1093,10,0,32,0,26,,1094,10,0,32,0,152,,1092,10,0,32,0,29,,1091,10,0,32,0,77,,1095,11,0,32,0,30,,1096,11,0,32,0,99,,1097,11,0,32,0,71,,1098,11,0,32,0,103,,1099,11,0,32,0,99,,1100,11,0,32,0,103,,1101,11,0,32,0,22,,1102,11,0,32,0,174,,1103,11,0,32,0,299,,1104,11,0,32,0
201,'5088',1548,,1105,11,0,32,0,105,,1106,11,0,32,0,99,,1107,11,0,32,0,249,,1108,11,0,32,0,115,,1109,11,0,32,0
201,'5274',1720,,1110,11,0,32,0
201,'5276',1720,,1111,11,0,32,0
201,'5284',822,,1121,11,0,32,0,110,,1112,11,0,32,0,110,,1113,11,0,32,0,161,,1114,11,0,32,0,113,,1115,11,0,32,0,120,,1116,11,0,32,0,197,,1117,11,0,32,0,109,,1118,11,0,32,0,80,,1119,11,0,32,0,115,,1120,11,0,32,0
201,'5287',628,,1125,10,0,32,0,26,,1126,10,0,32,0,152,,1124,10,0,32,0,29,,1122,10,0,32,0,77,,1127,11,0,32,0,30,,1128,11,0,32,0,99,,1129,11,0,32,0,71,,1130,11,0,32,0,103,,1131,11,0,32,0,99,,1132,11,0,32,0,103,,1133,11,0,32,0,22,,1134,11,0,32,0,174,,1136,11,0,32,0,299,,1137,11,0,32,0
201,'5288',1548,,1138,11,0,32,0,105,,1139,11,0,32,0,99,,1140,11,0,32,0,249,,1141,11,0,32,0,115,,1142,11,0,32,0
201,'5291',1720,,1143,11,0,32,0
201,'5295',1720,,1144,11,0,32,0
201,'5298',1548,,1145,11,0,32,0,105,,1146,11,0,32,0,99,,1147,11,0,32,0,249,,1148,11,0,32,0,115,,1149,11,0,32,0,113,,1150,10,0,32,0
18000201,'5087',1532,,1794,12,0,32 2 33 34,0
18000201,'5287',1532,,1795,12,0,32 2 33 34,0
