100,'4623',1528,,1014,18,,,0,406,,1015,11,,,0,115,,1016,11,,,0,154,,1017,11,,,0,105,,1018,11,,,0
100,'5087',639,,1021,11,,,0,103,,1020,11,,,0,70,,1019,11,,,0,34,,1022,18,,,0,76,,1035,11,,,0,79,,1031,11,,,0,127,,1024,18,,,0,20,,1023,18,,,0,161,,1025,11,,,0,42,,1026,18,,,0,150,,1027,18,,,0,56,,1028,18,,,0,152,,1033,18,,,0,94,,1034,18,,,0,45,,1029,18,,,0
100,'5088',1528,,1036,18,,,0,406,,1037,11,,,0,115,,1038,11,,,0,154,,1039,11,,,0
100,'5274',1031,,1040,11,,,0,27,,1041,18,,,0
100,'5276',1031,,1042,11,,,0,27,,1043,18,,,0
100,'5284',834,,1044,11,,,0,75,,1046,11,,,0,99,,1047,18,,,0,37,,1045,11,,,0,90,,1048,11,,,0,115,,1049,11,,,0,160,,1050,11,,,0,120,,1051,11,,,0,75,,1052,11,,,0,108,,1053,18,,,0,195,,1054,11,,,0
100,'5287',639,,1057,11,,,0,103,,1056,11,,,0,70,,1055,11,,,0,34,,1058,18,,,0,76,,1071,11,,,0,79,,1067,11,,,0,127,,1060,18,,,0,20,,1059,18,,,0,161,,1061,11,,,0,42,,1062,18,,,0,150,,1063,18,,,0,56,,1064,18,,,0,152,,1069,18,,,0,94,,1070,18,,,0,45,,1065,18,,,0
100,'5288',1528,,1072,18,,,0,406,,1073,11,,,0,115,,1074,11,,,0,154,,1075,11,,,0
100,'5291',1031,,1076,11,,,0,27,,1077,18,,,0
100,'5295',1031,,1078,11,,,0,27,,1079,18,,,0
100,'5298',1528,,1080,18,,,0,406,,1081,11,,,0,115,,1082,11,,,0,154,,1083,11,,,0,105,,1084,11,,,0
