1001,'5087',653,,1251,5,,,0,105,,1255,5,,,0,185,,1252,5,,,0,505,,1256,5,,,0,270,,1253,5,,,0,90,,1254,5,,,0,140,,1257,5,,,0
1001,'5274',1308,,1258,5,,,0
1001,'5276',1308,,1259,5,,,0
1001,'5284',753,,1260,5,,,0,375,,1261,5,,,0,820,,1262,5,,,0
1001,'5287',653,,1263,5,,,0,105,,1267,5,,,0,185,,1264,5,,,0,505,,1268,5,,,0,270,,1265,5,,,0,90,,1266,5,,,0,140,,1269,5,,,0
1001,'5291',1308,,1270,5,,,0
1001,'5295',1308,,1271,5,,,0
7601,'5281',907,,1697,10,,,0
7601,'5294',907,,1703,10,,,0
24001001,'5087',2137,,1803,5,,,0
24001001,'5284',1623,,1804,5,,,0
24001001,'5287',2137,,1805,5,,,0
