201,'4623',1545,,1085,7,0,32,0,105,,1086,7,0,32,0,99,,1087,7,0,32,0,209,,1088,7,0,32,0,155,,1089,7,0,32,0,113,,1090,6,0,32,0
201,'5087',625,,1093,6,0,32,0,26,,1094,6,0,32,0,152,,1092,6,0,32,0,29,,1091,6,0,32,0,77,,1095,7,0,32,0,30,,1096,7,0,32,0,99,,1097,7,0,32,0,71,,1098,7,0,32,0,103,,1099,7,0,32,0,99,,1100,7,0,32,0,103,,1101,7,0,32,0,22,,1102,7,0,32,0,174,,1103,7,0,32,0,299,,1104,7,0,32,0
201,'5088',1545,,1105,7,0,32,0,105,,1106,7,0,32,0,99,,1107,7,0,32,0,209,,1108,7,0,32,0,155,,1109,7,0,32,0
201,'5274',1717,,1110,7,0,32,0
201,'5276',1717,,1111,7,0,32,0
201,'5284',819,,1121,7,0,32,0,110,,1112,7,0,32,0,110,,1113,7,0,32,0,161,,1114,7,0,32,0,113,,1115,7,0,32,0,120,,1116,7,0,32,0,197,,1117,7,0,32,0,109,,1118,7,0,32,0,80,,1119,7,0,32,0,115,,1120,7,0,32,0
201,'5287',625,,1125,6,0,32,0,26,,1126,6,0,32,0,152,,1124,6,0,32,0,17,,1124,27,,,0,8,,1123,3,0,38 39,0,4,,1122,6,0,32,0,77,,1127,7,0,32,0,30,,1128,7,0,32,0,99,,1129,7,0,32,0,71,,1130,7,0,32,0,103,,1131,7,0,32,0,99,,1132,7,0,32,0,103,,1133,7,0,32,0,22,,1134,7,0,32,0,174,,1136,7,0,32,0,299,,1137,7,0,32,0
201,'5288',1545,,1138,7,0,32,0,105,,1139,7,0,32,0,99,,1140,7,0,32,0,209,,1141,7,0,32,0,155,,1142,7,0,32,0
201,'5291',1717,,1143,7,0,32,0
201,'5295',1717,,1144,7,0,32,0
201,'5298',1545,,1145,7,0,32,0,105,,1146,7,0,32,0,99,,1147,7,0,32,0,209,,1148,7,0,32,0,155,,1149,7,0,32,0,113,,1150,6,0,32,0
7600,'5281',1014,,1685,8,,,0
7600,'5294',1014,,1691,8,,,0
24001000,'5087',614,,1796,4,,,0,105,,1798,4,,,0,995,,1797,7,,,0
24001000,'5284',712,,1799,4,,,0
24001000,'5287',614,,1800,4,,,0,105,,1802,4,,,0,995,,1801,7,,,0
