301,'4623',1633,,1151,16,0,13,0,101,,1152,16,0,13,0,193,,1153,16,0,28 29,0,115,,1154,16,0,28 29,0,114,,1155,16,0,28 29,0,145,,1156,16,0,28 29,0
301,'5087',632,,1161,16,0,28 29,0,102,,1160,16,0,28 29,0,69,,1157,16,0,28 29,0,12,,1158,16,0,13,0,39,,1162,16,0,13,0,59,,1172,16,0,28 29,0,40,,1163,16,0,28 29,0,101,,1164,16,0,13,0,100,,1165,16,0,13,0,147,,1166,16,0,28 29,0,56,,1167,16,0,13,0,89,,1168,16,0,13,0,103,,1170,16,0,13,0,151,,1171,16,0,13,0,128,,1169,16,0,13,0
301,'5088',1633,,1173,16,0,13,0,101,,1174,16,0,13,0,193,,1175,16,0,28 29,0,115,,1176,16,0,28 29,0,114,,1177,16,0,28 29,0
301,'5274',1023,,1178,16,0,28 29,0
301,'5276',1023,,1179,16,0,28 29,0
301,'5284',827,,1180,16,0,28 29,0,75,,1182,16,0,28 29,0,136,,1181,16,0,28 29,0,90,,1184,16,0,28 29,0,115,,1183,16,0,28 29,0,160,,1185,16,0,28 29,0,120,,1186,16,0,28 29,0,35,,1187,16,0,28 29,0,343,,1188,16,0,28 29,0
301,'5287',632,,1193,16,0,28 29,0,102,,1192,16,0,28 29,0,69,,1189,16,0,28 29,0,12,,1190,16,0,13,0,39,,1194,16,0,13,0,59,,1204,16,0,28 29,0,40,,1195,16,0,28 29,0,101,,1196,16,0,13,0,100,,1197,16,0,13,0,147,,1198,16,0,28 29,0,56,,1199,16,0,13,0,89,,1200,16,0,13,0,103,,1202,16,0,13,0,151,,1203,16,0,13,0,128,,1201,16,0,13,0
301,'5288',1633,,1205,16,0,13,0,101,,1206,16,0,13,0,193,,1207,16,0,28 29,0,115,,1208,16,0,28 29,0,114,,1209,16,0,28 29,0
301,'5291',1023,,1210,16,0,28 29,0
301,'5295',1023,,1211,16,0,28 29,0
301,'5298',1633,,1212,16,0,13,0,101,,1213,16,0,13,0,193,,1214,16,0,28 29,0,115,,1215,16,0,28 29,0,114,,1216,16,0,28 29,0,145,,1217,16,0,28 29,0
