1001,'5087',701,,1251,12,,,0,105,,1255,12,,,0,145,,1252,12,,,0,505,,1256,12,,,0,270,,1253,12,,,0,90,,1254,12,,,0,140,,1257,12,,,0
1001,'5274',1316,,1258,12,,,0
1001,'5276',1316,,1259,12,,,0
1001,'5284',801,,1260,12,,,0,336,,1261,12,,,0,819,,1262,12,,,0
1001,'5287',701,,1263,12,,,0,105,,1267,12,,,0,145,,1264,12,,,0,505,,1268,12,,,0,270,,1265,12,,,0,90,,1266,12,,,0,140,,1269,12,,,0
1001,'5291',1316,,1270,12,,,0
1001,'5295',1316,,1271,12,,,0
7601,'5281',913,,1697,16,,,0
7601,'5294',913,,1703,16,,,0
24001001,'5087',2144,,1803,11,,,0
24001001,'5284',1630,,1804,11,,,0
24001001,'5287',2144,,1805,11,,,0
