2001,'5087',459,,1306,7,,,0,260,,1307,7,,,0,319,,1308,7,,,0,573,,1309,7,,,0,127,,1310,7,,,0
2001,'5274',744,,1311,7,0,24 25,0
2001,'5276',744,,1312,7,0,24 25,0
2001,'5284',532,,1315,7,,,0,492,,1316,7,,,0,490,,1313,7,,,0
2001,'5287',459,,1317,7,,,0,260,,1318,7,,,0,319,,1319,7,,,0,573,,1320,7,,,0,127,,1321,7,,,0
2001,'5291',744,,1322,7,0,24 25,0
2001,'5295',744,,1323,7,0,24 25,0
7400,'5278',1623,,1679,10,,,0
7400,'5292',1623,,1680,10,,,0
9901,'5087',609,,1775,7,,,0,91,,1776,7,,,0,114,,1777,7,,,0,141,,1778,7,,,0,259,,1779,7,,,0,310,,1780,7,,,0,105,,1781,7,,,0,88,,1782,7,,,0
9901,'5284',857,,1783,7,,,0,383,,1784,7,,,0,475,,1785,7,,,0
9901,'5287',609,,1786,7,,,0,91,,1787,7,,,0,114,,1788,7,,,0,141,,1789,7,,,0,259,,1790,7,,,0,310,,1791,7,,,0,105,,1792,7,,,0,88,,1793,7,,,0
