1000,'5087',931,,1234,45,,,0,500,,1236,45,,,0,269,,1235,45,,,0,231,,1237,45,,,0,195,,1238,45,,,0
1000,'5274',1251,,1239,45,,,0
1000,'5276',1251,,1240,45,,,0
1000,'5284',1111,,1241,45,,,0,500,,1242,45,,,0,325,,1243,45,,,0
1000,'5287',931,,1244,45,,,0,500,,1246,45,,,0,269,,1245,45,,,0,231,,1247,45,,,0,195,,1248,45,,,0
1000,'5291',1251,,1249,45,,,0
1000,'5295',1251,,1250,45,,,0
7600,'5281',1044,,1685,36,,,0
7600,'5294',1044,,1691,36,,,0
24001000,'5087',644,,1796,32,,,0,105,,1798,32,,,0,1003,,1797,40,,,0
24001000,'5284',742,,1799,32,,,0
24001000,'5287',644,,1800,32,,,0,105,,1802,32,,,0,1003,,1801,40,,,0
