1000,'5087',920,,1234,34,,,0,500,,1236,34,,,0,227,,1235,34,,,0,272,,1237,34,,,0,196,,1238,34,,,0
1000,'5274',1240,,1239,34,,,0
1000,'5276',1240,,1240,34,,,0
1000,'5284',1058,,1241,34,,,0,500,,1242,34,,,0,365,,1243,34,,,0
1000,'5287',920,,1244,34,,,0,500,,1246,34,,,0,227,,1245,34,,,0,272,,1247,34,,,0,196,,1248,34,,,0
1000,'5291',1240,,1249,34,,,0
1000,'5295',1240,,1250,34,,,0
7600,'5281',1035,,1685,26,,,0
7600,'5294',1035,,1691,26,,,0
24001000,'5087',634,,1796,22,,,0,105,,1798,22,,,0,1000,,1797,29,,,0
24001000,'5284',732,,1799,22,,,0
24001000,'5287',634,,1800,22,,,0,105,,1802,22,,,0,1000,,1801,29,,,0
