4101,'5087',743,,1446,1,,,0,14,,1446,12,4,,0,78,,1448,1,,,0,14,,1448,12,4,,0,370,,1449,1,,,0,14,,1449,12,4,,0,201,,1447,1,,,0,14,,1447,12,4,,0,152,,1450,1,,,0,15,,1450,12,4,,0,128,,1451,1,,,0,14,,1451,12,4,,0
4101,'5284',850,,1454,1,,,0,54,,1454,12,4,,0,333,,1452,1,,,0,14,,1452,12,4,,0,374,,1453,1,,,0,14,,1453,12,4,,0
4101,'5287',743,,1455,1,,,0,14,,1455,12,4,,0,78,,1457,1,,,0,14,,1457,12,4,,0,370,,1458,1,,,0,14,,1458,12,4,,0,201,,1456,1,,,0,14,,1456,12,4,,0,152,,1459,1,,,0,15,,1459,12,4,,0,128,,1460,1,,,0,14,,1460,12,4,,0
4200,'5087',757,,1464,1,,,0,50,,1464,10,4,,0,203,,1461,1,,,0,11,,1461,10,4,,0,429,,1462,1,,,0,51,,1462,10,4,,0,156,,1463,1,,,0,51,,1463,10,4,,0
4200,'5284',905,,1467,1,,,0,11,,1467,10,4,,0,119,,1466,1,,,0,11,,1466,10,4,,0,499,,1465,1,,,0,11,,1465,10,4,,0
4200,'5287',757,,1471,1,,,0,50,,1471,10,4,,0,203,,1468,1,,,0,11,,1468,10,4,,0,429,,1469,1,,,0,51,,1469,10,4,,0,156,,1470,1,,,0,51,,1470,10,4,,0
4500,'5087',557,,1564,1,,,0,63,,1564,15,4,,0,12,,1566,1,,,0,15,,1565,21,4,,0,8,,1566,15,4,,0,853,,1563,1,,,0,23,,1563,15,4,,0
4500,'5287',557,,1568,1,,,0,63,,1568,15,4,,0,12,,1570,1,,,0,15,,1569,21,4,,0,8,,1570,15,4,,0,853,,1567,1,,,0,23,,1567,15,4,,0
4601,'4623',2022,,1598,1,,,0
4601,'5087',551,,1604,1,,,0,177,,1605,1,,,0,112,,1599,1,,,0,109,,1606,1,,,0,151,,1608,1,,,0,135,,1607,1,,,0,117,,1600,1,,,0,75,,1603,1,,,0,111,,1601,1,,,0,173,,1602,1,,,0,144,,1609,1,,,0
4601,'5284',747,,1614,1,,,0,300,,1613,1,,,0,356,,1610,1,,,0,155,,1611,1,,,0,282,,1612,1,,,0
4601,'5287',551,,1620,1,,,0,177,,1621,1,,,0,112,,1615,1,,,0,109,,1622,1,,,0,151,,1624,1,,,0,135,,1623,1,,,0,117,,1616,1,,,0,75,,1619,1,,,0,111,,1617,1,,,0,173,,1618,1,,,0,144,,1625,1,,,0
4601,'5298',2022,,1626,1,,,0
9800,'4623',1833,,1707,1,,,0
9800,'5087',606,,1715,1,,,0,46,,1711,1,,,0,157,,1714,1,,,0,141,,1712,1,,,0,255,,1709,1,0,7 8 2 9 2 10,0,303,,1710,1,0,7 8 2 9 2 10,0,109,,1713,1,0,7 8 2 9 2 10,0,93,,1708,1,,,0
9800,'5284',850,,1718,1,,,0,384,,1716,1,,,0,478,,1717,1,,,0
9800,'5287',606,,1726,1,,,0,46,,1722,1,,,0,157,,1725,1,,,0,141,,1723,1,,,0,255,,1720,1,0,7 8 2 9 2 10,0,303,,1721,1,0,7 8 2 9 2 10,0,109,,1724,1,0,7 8 2 9 2 10,0,93,,1719,1,,,0
9800,'5298',1833,,1727,1,,,0
9801,'4623',1950,,1728,21,4,,0
9801,'5087',549,,1738,8,4,,0,109,,1737,8,4,,0,68,,1734,21,4,,0,96,,1730,24,,,0,118,,1735,24,4,,0,174,,1733,21,4,,0,229,,1729,24,4,,0,158,,1739,8,4,,0,149,,1731,21,4,,0,99,,1736,21,4,,0,88,,1732,21,4,,0
9801,'5284',745,,1743,8,4,,0,269,,1742,21,4,,0,344,,1740,21,4,,0,478,,1741,21,4,,0
9801,'5287',549,,1753,8,4,,0,109,,1752,8,4,,0,68,,1749,21,4,,0,96,,1745,24,,,0,118,,1750,24,4,,0,174,,1748,21,4,,0,229,,1744,24,4,,0,158,,1754,8,4,,0,149,,1746,21,4,,0,99,,1751,21,4,,0,88,,1747,21,4,,0
9801,'5298',1950,,1755,21,4,,0
