201,'4623',1552,,1085,15,,,0,105,,1086,15,,,0,98,,1087,15,,,0,248,,1088,15,,,0,115,,1089,15,,,0,113,,1090,14,,,0
201,'5087',630,,1093,14,,,0,28,,1094,14,,,0,152,,1092,14,,,0,29,,1091,14,,,0,77,,1095,15,,,0,29,,1096,15,,,0,102,,1097,17,,,0,69,,1098,15,,,0,105,,1099,17,,,0,97,,1100,15,,,0,105,,1101,17,,,0,20,,1102,15,,,0,176,,1103,17,,,0,296,,1104,15,,,0
201,'5088',1552,,1105,15,,,0,105,,1106,15,,,0,98,,1107,15,,,0,248,,1108,15,,,0,115,,1109,15,,,0
201,'5274',1723,,1110,15,,,0
201,'5276',1723,,1111,15,,,0
201,'5284',824,,1121,15,,,0,112,,1112,15,,,0,112,,1113,17,,,0,159,,1114,15,,,0,115,,1115,17,,,0,118,,1116,15,,,0,199,,1117,17,,,0,107,,1118,15,,,0,80,,1119,15,,,0,113,,1120,15,,,0
201,'5287',630,,1125,14,,,0,28,,1126,14,,,0,152,,1124,14,,,0,29,,1122,14,,,0,77,,1127,15,,,0,29,,1128,15,,,0,102,,1129,17,,,0,69,,1130,15,,,0,105,,1131,17,,,0,97,,1132,15,,,0,105,,1133,17,,,0,20,,1134,15,,,0,176,,1136,17,,,0,296,,1137,15,,,0
201,'5288',1552,,1138,15,,,0,105,,1139,15,,,0,98,,1140,15,,,0,248,,1141,15,,,0,115,,1142,15,,,0
201,'5291',1723,,1143,15,,,0
201,'5295',1723,,1144,15,,,0
201,'5298',1552,,1145,15,,,0,105,,1146,15,,,0,98,,1147,15,,,0,248,,1148,15,,,0,115,,1149,15,,,0,113,,1150,14,,,0
18000201,'5087',1535,,1794,16,,,0
18000201,'5287',1535,,1795,16,,,0
