4300,'5287',1513,,1500,7,,,0
4301,'5287',826,,1530,29,,,0
4401,'4623',2002,,1532,8,0,22 23 16,0
4401,'5087',552,,1541,35,,,0,168,,1533,25,,,0,30,,1544,25,,,0,82,,1535,25,,,0,171,,1536,8,0,22 23 16,0,136,,1537,25,,,0,73,,1543,8,0,22 23 16,0,205,,1534,25,,,0,114,,1540,25,,,0,172,,1538,8,0,22 23 16,0,30,,1539,25,,,0,88,,1542,25,,,0
4401,'5284',843,,1547,25,,,0,196,,1549,25,,,0,179,,1548,25,,,0,320,,1545,25,,,0,167,,1546,25,,,0
4401,'5287',552,,1558,35,,,0,168,,1550,25,,,0,30,,1561,25,,,0,82,,1552,25,,,0,171,,1553,8,0,22 23 16,0,136,,1554,25,,,0,73,,1560,8,0,22 23 16,0,205,,1551,25,,,0,114,,1557,25,,,0,172,,1555,8,0,22 23 16,0,30,,1556,25,,,0,88,,1559,25,,,0
4401,'5298',2002,,1562,8,0,22 23 16,0
9800,'5087',1517,,1710,8,0,7 8 2 9 2 10,0
9800,'5287',1517,,1721,8,0,7 8 2 9 2 10,0
24004301,'5287',802,,1826,21,,,0
