201,'4623',1537,,1085,2,0,32,0,105,,1086,2,0,32,0,100,,1087,2,0,32,0,209,,1088,2,0,32,0,155,,1089,2,0,32,0,115,,1090,2,0,32,0
201,'5087',621,,1093,2,0,32,0,25,,1094,2,0,32,0,110,,1092,2,0,32,0,71,,1091,2,0,32,0,75,,1095,2,0,32,0,30,,1096,2,0,32,0,99,,1097,2,0,32,0,70,,1098,2,0,32,0,101,,1099,2,0,32,0,100,,1100,2,0,32,0,103,,1101,2,0,32,0,22,,1102,2,0,32,0,175,,1103,2,0,32,0,300,,1104,2,0,32,0
201,'5088',1537,,1105,2,0,32,0,105,,1106,2,0,32,0,100,,1107,2,0,32,0,209,,1108,2,0,32,0,155,,1109,2,0,32,0
201,'5274',1709,,1110,2,0,32,0
201,'5276',1709,,1111,2,0,32,0
201,'5284',812,,1121,2,0,32,0,110,,1112,2,0,32,0,110,,1113,2,0,32,0,120,,1114,2,0,32,0,153,,1115,2,0,32,0,120,,1116,2,0,32,0,197,,1117,2,0,32,0,110,,1118,2,0,32,0,80,,1119,2,0,32,0,115,,1120,2,0,32,0
201,'5287',621,,1125,2,0,32,0,25,,1126,2,0,32,0,110,,1124,2,0,32,0,71,,1122,2,0,32,0,75,,1127,2,0,32,0,30,,1128,2,0,32,0,99,,1129,2,0,32,0,70,,1130,2,0,32,0,101,,1131,2,0,32,0,100,,1132,2,0,32,0,103,,1133,2,0,32,0,22,,1134,2,0,32,0,175,,1136,2,0,32,0,300,,1137,2,0,32,0
201,'5288',1537,,1138,2,0,32,0,105,,1139,2,0,32,0,100,,1140,2,0,32,0,209,,1141,2,0,32,0,155,,1142,2,0,32,0
201,'5291',1709,,1143,2,0,32,0
201,'5295',1709,,1144,2,0,32,0
201,'5298',1537,,1145,2,0,32,0,105,,1146,2,0,32,0,100,,1147,2,0,32,0,209,,1148,2,0,32,0,155,,1149,2,0,32,0,115,,1150,2,0,32,0
401,'5087',1113,,1227,2,,,0,210,,1228,2,,,0,128,,1229,2,,,0
401,'5284',1404,,1230,2,,,0
401,'5287',1113,,1231,2,,,0,210,,1232,2,,,0,128,,1233,2,,,0
1000,'5087',848,,1234,2,,,0,497,,1236,2,,,0,266,,1235,2,,,0,237,,1237,2,,,0,196,,1238,2,,,0
1000,'5274',1205,,1239,2,,,0
1000,'5276',1205,,1240,2,,,0
1000,'5284',1025,,1241,2,,,0,497,,1242,2,,,0,327,,1243,2,,,0
1000,'5287',848,,1244,2,,,0,497,,1246,2,,,0,266,,1245,2,,,0,237,,1247,2,,,0,196,,1248,2,,,0
1000,'5291',1205,,1249,2,,,0
1000,'5295',1205,,1250,2,,,0
7200,'5276',847,,1668,7,4,,0,575,,1667,7,4,,0,420,,1669,5,4,,0
7200,'5291',847,,1671,7,4,,0,575,,1670,7,4,,0,420,,1672,5,4,,0
7401,'5278',1013,,1681,46,4,,0
7401,'5292',1013,,1682,46,4,,0
7600,'5281',1008,,1685,3,,,0
7600,'5294',1008,,1691,3,,,0
18000201,'5087',1516,,1794,2,0,32 2 33 34,0
18000201,'5287',1516,,1795,2,0,32 2 33 34,0
24001000,'5087',612,,1796,2,,,0,105,,1798,2,,,0,989,,1797,2,,,0
24001000,'5284',710,,1799,2,,,0
24001000,'5287',612,,1800,2,,,0,105,,1802,2,,,0,989,,1801,2,,,0
