301,'4623',1631,,1151,14,0,13,0,101,,1152,14,0,13,0,193,,1153,14,0,28 29,0,115,,1154,14,0,28 29,0,115,,1155,14,0,28 29,0,145,,1156,14,0,28 29,0
301,'5087',630,,1161,14,0,28 29,0,102,,1160,14,0,28 29,0,69,,1157,14,0,28 29,0,11,,1158,14,0,13,0,39,,1162,14,0,13,0,60,,1172,14,0,28 29,0,40,,1163,14,0,28 29,0,100,,1164,14,0,13,0,100,,1165,14,0,13,0,108,,1166,14,0,28 29,0,95,,1167,14,0,13,0,89,,1168,14,0,13,0,104,,1170,14,0,13,0,111,,1171,14,0,13,0,168,,1169,14,0,13,0
301,'5088',1631,,1173,14,0,13,0,101,,1174,14,0,13,0,193,,1175,14,0,28 29,0,115,,1176,14,0,28 29,0,115,,1177,14,0,28 29,0
301,'5274',1021,,1178,14,0,28 29,0
301,'5276',1021,,1179,14,0,28 29,0
301,'5284',825,,1180,14,0,28 29,0,75,,1182,14,0,28 29,0,136,,1181,14,0,28 29,0,90,,1184,14,0,28 29,0,115,,1183,14,0,28 29,0,160,,1185,14,0,28 29,0,120,,1186,14,0,28 29,0,35,,1187,14,0,28 29,0,303,,1188,14,0,28 29,0
301,'5287',630,,1193,14,0,28 29,0,102,,1192,14,0,28 29,0,69,,1189,14,0,28 29,0,11,,1190,14,0,13,0,39,,1194,14,0,13,0,60,,1204,14,0,28 29,0,40,,1195,14,0,28 29,0,100,,1196,14,0,13,0,100,,1197,14,0,13,0,108,,1198,14,0,28 29,0,95,,1199,14,0,13,0,89,,1200,14,0,13,0,104,,1202,14,0,13,0,111,,1203,14,0,13,0,168,,1201,14,0,13,0
301,'5288',1631,,1205,14,0,13,0,101,,1206,14,0,13,0,193,,1207,14,0,28 29,0,115,,1208,14,0,28 29,0,115,,1209,14,0,28 29,0
301,'5291',1021,,1210,14,0,28 29,0
301,'5295',1021,,1211,14,0,28 29,0
301,'5298',1631,,1212,14,0,13,0,101,,1213,14,0,13,0,193,,1214,14,0,28 29,0,115,,1215,14,0,28 29,0,115,,1216,14,0,28 29,0,145,,1217,14,0,28 29,0
