1000,'5087',930,,1234,44,,,0,500,,1236,44,,,0,228,,1235,44,,,0,271,,1237,44,,,0,196,,1238,44,,,0
1000,'5274',1250,,1239,44,,,0
1000,'5276',1250,,1240,44,,,0
1000,'5284',1109,,1241,44,,,0,500,,1242,44,,,0,325,,1243,44,,,0
1000,'5287',930,,1244,44,,,0,500,,1246,44,,,0,228,,1245,44,,,0,271,,1247,44,,,0,196,,1248,44,,,0
1000,'5291',1250,,1249,44,,,0
1000,'5295',1250,,1250,44,,,0
7600,'5281',1043,,1685,35,,,0
7600,'5294',1043,,1691,35,,,0
24001000,'5087',642,,1796,31,,,0,105,,1798,31,,,0,1003,,1797,39,,,0
24001000,'5284',740,,1799,31,,,0
24001000,'5287',642,,1800,31,,,0,105,,1802,31,,,0,1003,,1801,39,,,0
