100,'4623',1529,,1014,20,,,0,406,,1015,13,,,0,115,,1016,13,,,0,154,,1017,13,,,0,105,,1018,13,,,0
100,'5087',640,,1021,13,,,0,103,,1020,13,,,0,70,,1019,13,,,0,34,,1022,20,,,0,76,,1035,13,,,0,79,,1031,13,,,0,127,,1024,20,,,0,20,,1023,20,,,0,161,,1025,13,,,0,42,,1026,20,,,0,150,,1027,20,,,0,56,,1028,20,,,0,152,,1033,20,,,0,94,,1034,20,,,0,45,,1029,20,,,0
100,'5088',1529,,1036,20,,,0,406,,1037,13,,,0,115,,1038,13,,,0,154,,1039,13,,,0
100,'5274',1032,,1040,13,,,0,27,,1041,20,,,0
100,'5276',1032,,1042,13,,,0,27,,1043,20,,,0
100,'5284',835,,1044,13,,,0,75,,1046,13,,,0,99,,1047,20,,,0,37,,1045,13,,,0,90,,1048,13,,,0,115,,1049,13,,,0,160,,1050,13,,,0,120,,1051,13,,,0,75,,1052,13,,,0,108,,1053,20,,,0,195,,1054,13,,,0
100,'5287',640,,1057,13,,,0,103,,1056,13,,,0,70,,1055,13,,,0,34,,1058,20,,,0,76,,1071,13,,,0,79,,1067,13,,,0,127,,1060,20,,,0,20,,1059,20,,,0,161,,1061,13,,,0,42,,1062,20,,,0,150,,1063,20,,,0,56,,1064,20,,,0,152,,1069,20,,,0,94,,1070,20,,,0,45,,1065,20,,,0
100,'5288',1529,,1072,20,,,0,406,,1073,13,,,0,115,,1074,13,,,0,154,,1075,13,,,0
100,'5291',1032,,1076,13,,,0,27,,1077,20,,,0
100,'5295',1032,,1078,13,,,0,27,,1079,20,,,0
100,'5298',1529,,1080,20,,,0,406,,1081,13,,,0,115,,1082,13,,,0,154,,1083,13,,,0,105,,1084,13,,,0
