4101,'5087',753,,1446,10,,,0,92,,1448,10,,,0,384,,1449,10,,,0,215,,1447,10,,,0,167,,1450,10,,,0,142,,1451,10,,,0
4101,'5284',900,,1454,10,,,0,347,,1452,10,,,0,388,,1453,10,,,0
4101,'5287',753,,1455,10,,,0,92,,1457,10,,,0,384,,1458,10,,,0,215,,1456,10,,,0,167,,1459,10,,,0,142,,1460,10,,,0
4500,'5087',618,,1564,13,,,0,27,,1565,19,,,0,8,,1566,13,,,0,876,,1563,13,,,0
4500,'5287',618,,1568,13,,,0,27,,1569,19,,,0,8,,1570,13,,,0,876,,1567,13,,,0
4600,'4623',2116,,1571,17,0,11,0
4600,'5087',817,,1577,17,0,11,0,120,,1572,17,0,11,0,118,,1576,22,0,11,0,103,,1580,17,0,11,0,183,,1579,22,0,11,0,109,,1573,17,0,11,0,77,,1574,17,0,11,0,119,,1575,22,0,11,0,163,,1578,17,0,11,0,141,,1581,17,0,11,0
4600,'5284',844,,1586,22,0,11,0,308,,1585,22,0,11,0,357,,1582,22,0,11,0,195,,1583,22,0,11,0,224,,1584,8,4,,0
4600,'5287',817,,1592,17,,,0,120,,1587,17,0,11,0,118,,1591,22,0,11,0,103,,1595,17,0,11,0,183,,1594,22,0,11,0,109,,1588,17,0,11,0,77,,1589,17,0,11,0,119,,1590,22,0,11,0,163,,1593,17,0,11,0,141,,1596,17,0,11,0
4600,'5298',2116,,1597,17,0,11,0
9801,'4623',1949,,1728,19,0,11,0
9801,'5087',548,,1738,6,0,11,0,109,,1737,6,0,11,0,68,,1734,19,0,11,0,95,,1730,22,0,7 8 2 11 2 10,0,118,,1735,22,0,7 8 2 11 2 10,0,174,,1733,19,0,11,0,229,,1729,22,0,7 8 2 11 2 10,0,118,,1739,6,0,11,0,189,,1731,19,0,11,0,99,,1736,19,0,11,0,88,,1732,19,0,11,0
9801,'5284',743,,1743,6,0,11,0,269,,1742,19,0,11,0,344,,1740,19,0,11,0,478,,1741,19,0,11,0
9801,'5287',548,,1753,6,0,11,0,109,,1752,6,0,11,0,68,,1749,19,0,11,0,95,,1745,22,0,7 8 2 11 2 10,0,118,,1750,22,0,7 8 2 11 2 10,0,174,,1748,19,0,11,0,229,,1744,22,0,7 8 2 11 2 10,0,118,,1754,6,0,11,0,189,,1746,19,0,11,0,99,,1751,19,0,11,0,88,,1747,19,0,11,0
9801,'5298',1949,,1755,19,0,11,0
