5100,'4623',1101,,1628,2,,,0,200,,1627,2,,,0
5100,'5275',1316,,1629,2,,,0,200,,1630,2,,,0
5100,'5286',1331,,1631,2,,,0,185,,1632,2,,,0
5100,'5296',1331,,1633,2,,,0,185,,1634,2,,,0
5100,'5298',1101,,1636,2,,,0,200,,1635,2,,,0
5100,'5299',1316,,1637,2,,,0,200,,1638,2,,,0
5200,'5286',955,,1639,7,4,,0,360,,1641,7,4,,0,585,,1640,7,4,,0
5200,'5296',955,,1642,7,4,,0,360,,1644,7,4,,0,585,,1643,7,4,,0
5201,'5286',705,,1645,1,,,0,320,,1647,1,,,0,590,,1646,1,,,0
5201,'5296',705,,1648,1,,,0,320,,1650,1,,,0,590,,1649,1,,,0
5300,'4623',1040,,1651,6,4,,0,600,,1652,6,4,,0
5300,'5298',1040,,1653,6,4,,0,600,,1654,6,4,,0
5301,'4623',745,,1655,1,,,0,600,,1656,1,,,0
5301,'5298',745,,1657,1,,,0,600,,1658,1,,,0
7400,'5278',1842,,1679,43,4,,0
7400,'5292',1842,,1680,43,4,,0
7401,'5278',750,,1681,1,,,0
7401,'5292',750,,1682,1,,,0
