201,'4623',1550,,1085,13,,,0,105,,1086,13,,,0,99,,1087,13,,,0,248,,1088,13,,,0,115,,1089,13,,,0,113,,1090,12,,,0
201,'5087',629,,1093,12,,,0,27,,1094,12,,,0,152,,1092,12,,,0,29,,1091,12,,,0,77,,1095,13,,,0,30,,1096,13,,,0,99,,1097,13,,,0,71,,1098,13,,,0,103,,1099,13,,,0,99,,1100,13,,,0,103,,1101,13,,,0,22,,1102,13,,,0,174,,1103,13,,,0,299,,1104,13,,,0
201,'5088',1550,,1105,13,,,0,105,,1106,13,,,0,99,,1107,13,,,0,248,,1108,13,,,0,115,,1109,13,,,0
201,'5274',1722,,1110,13,,,0
201,'5276',1722,,1111,13,,,0
201,'5284',823,,1121,13,,,0,111,,1112,13,,,0,110,,1113,13,,,0,161,,1114,13,,,0,113,,1115,13,,,0,120,,1116,13,,,0,197,,1117,13,,,0,109,,1118,13,,,0,80,,1119,13,,,0,114,,1120,13,,,0
201,'5287',629,,1125,12,,,0,27,,1126,12,,,0,152,,1124,12,,,0,29,,1122,12,,,0,77,,1127,13,,,0,30,,1128,13,,,0,99,,1129,13,,,0,71,,1130,13,,,0,103,,1131,13,,,0,99,,1132,13,,,0,103,,1133,13,,,0,22,,1134,13,,,0,174,,1136,13,,,0,299,,1137,13,,,0
201,'5288',1550,,1138,13,,,0,105,,1139,13,,,0,99,,1140,13,,,0,248,,1141,13,,,0,115,,1142,13,,,0
201,'5291',1722,,1143,13,,,0
201,'5295',1722,,1144,13,,,0
201,'5298',1550,,1145,13,,,0,105,,1146,13,,,0,99,,1147,13,,,0,248,,1148,13,,,0,115,,1149,13,,,0,113,,1150,12,,,0
18000201,'5087',1534,,1794,14,,,0
18000201,'5287',1534,,1795,14,,,0
