1001,'5087',709,,1251,18,,,0,105,,1255,18,,,0,145,,1252,18,,,0,545,,1256,18,,,0,230,,1253,18,,,0,90,,1254,18,,,0,180,,1257,18,,,0
1001,'5274',1324,,1258,18,,,0
1001,'5276',1324,,1259,18,,,0
1001,'5284',809,,1260,18,,,0,336,,1261,18,,,0,859,,1262,18,,,0
1001,'5287',709,,1263,18,,,0,105,,1267,18,,,0,145,,1264,18,,,0,545,,1268,18,,,0,230,,1265,18,,,0,90,,1266,18,,,0,180,,1269,18,,,0
1001,'5291',1324,,1270,18,,,0
1001,'5295',1324,,1271,18,,,0
7601,'5281',920,,1697,20,,,0
7601,'5294',920,,1703,20,,,0
24001001,'5087',2151,,1803,15,,,0
24001001,'5284',1640,,1804,15,,,0
24001001,'5287',2151,,1805,15,,,0
