201,'4623',1546,,1085,8,0,32,0,105,,1086,8,0,32,0,99,,1087,8,0,32,0,209,,1088,8,0,32,0,155,,1089,8,0,32,0,113,,1090,7,0,32,0
201,'5087',626,,1093,7,0,32,0,26,,1094,7,0,32,0,152,,1092,7,0,32,0,29,,1091,7,0,32,0,77,,1095,8,0,32,0,30,,1096,8,0,32,0,99,,1097,8,0,32,0,71,,1098,8,0,32,0,103,,1099,8,0,32,0,99,,1100,8,0,32,0,103,,1101,8,0,32,0,22,,1102,8,0,32,0,174,,1103,8,0,32,0,299,,1104,8,0,32,0
201,'5088',1546,,1105,8,0,32,0,105,,1106,8,0,32,0,99,,1107,8,0,32,0,209,,1108,8,0,32,0,155,,1109,8,0,32,0
201,'5274',1718,,1110,8,0,32,0
201,'5276',1718,,1111,8,0,32,0
201,'5284',820,,1121,8,0,32,0,110,,1112,8,0,32,0,110,,1113,8,0,32,0,161,,1114,8,0,32,0,113,,1115,8,0,32,0,120,,1116,8,0,32,0,197,,1117,8,0,32,0,109,,1118,8,0,32,0,80,,1119,8,0,32,0,115,,1120,8,0,32,0
201,'5287',626,,1125,7,0,32,0,26,,1126,7,0,32,0,152,,1124,7,0,32,0,17,,1124,28,,,0,8,,1123,4,0,38 39,0,4,,1122,7,0,32,0,77,,1127,8,0,32,0,30,,1128,8,0,32,0,99,,1129,8,0,32,0,71,,1130,8,0,32,0,103,,1131,8,0,32,0,99,,1132,8,0,32,0,103,,1133,8,0,32,0,22,,1134,8,0,32,0,174,,1136,8,0,32,0,299,,1137,8,0,32,0
201,'5288',1546,,1138,8,0,32,0,105,,1139,8,0,32,0,99,,1140,8,0,32,0,209,,1141,8,0,32,0,155,,1142,8,0,32,0
201,'5291',1718,,1143,8,0,32,0
201,'5295',1718,,1144,8,0,32,0
201,'5298',1546,,1145,8,0,32,0,105,,1146,8,0,32,0,99,,1147,8,0,32,0,209,,1148,8,0,32,0,155,,1149,8,0,32,0,113,,1150,7,0,32,0
