1001,'5087',718,,1251,27,,,0,105,,1255,27,,,0,186,,1252,27,,,0,504,,1256,27,,,0,231,,1253,27,,,0,89,,1254,27,,,0,179,,1257,27,,,0
1001,'5274',1333,,1258,27,,,0
1001,'5276',1333,,1259,27,,,0
1001,'5284',818,,1260,27,,,0,337,,1261,27,,,0,858,,1262,27,,,0
1001,'5287',718,,1263,27,,,0,105,,1267,27,,,0,186,,1264,27,,,0,504,,1268,27,,,0,231,,1265,27,,,0,89,,1266,27,,,0,179,,1269,27,,,0
1001,'5291',1333,,1270,27,,,0
1001,'5295',1333,,1271,27,,,0
7601,'5281',927,,1697,26,,,0
7601,'5294',927,,1703,26,,,0
24001001,'5087',2159,,1803,21,,,0
24001001,'5284',1649,,1804,21,,,0
24001001,'5287',2159,,1805,21,,,0
