201,'4623',1552,,1085,16,,,0,105,,1086,16,,,0,99,,1087,16,,,0,248,,1088,16,,,0,115,,1089,16,,,0,113,,1090,15,,,0
201,'5087',631,,1093,15,,,0,27,,1094,15,,,0,153,,1092,15,,,0,28,,1091,15,,,0,77,,1095,16,,,0,30,,1096,16,,,0,102,,1097,18,,,0,68,,1098,16,,,0,106,,1099,18,,,0,96,,1100,16,,,0,106,,1101,18,,,0,19,,1102,16,,,0,177,,1103,18,,,0,296,,1104,16,,,0
201,'5088',1552,,1105,16,,,0,105,,1106,16,,,0,99,,1107,16,,,0,248,,1108,16,,,0,115,,1109,16,,,0
201,'5274',1724,,1110,16,,,0
201,'5276',1724,,1111,16,,,0
201,'5284',825,,1121,16,,,0,111,,1112,16,,,0,113,,1113,18,,,0,158,,1114,16,,,0,116,,1115,18,,,0,117,,1116,16,,,0,200,,1117,18,,,0,106,,1118,16,,,0,80,,1119,16,,,0,114,,1120,16,,,0
201,'5287',631,,1125,15,,,0,27,,1126,15,,,0,153,,1124,15,,,0,28,,1122,15,,,0,77,,1127,16,,,0,30,,1128,16,,,0,102,,1129,18,,,0,68,,1130,16,,,0,106,,1131,18,,,0,96,,1132,16,,,0,106,,1133,18,,,0,19,,1134,16,,,0,177,,1136,18,,,0,296,,1137,16,,,0
201,'5288',1552,,1138,16,,,0,105,,1139,16,,,0,99,,1140,16,,,0,248,,1141,16,,,0,115,,1142,16,,,0
201,'5291',1724,,1143,16,,,0
201,'5295',1724,,1144,16,,,0
201,'5298',1552,,1145,16,,,0,105,,1146,16,,,0,99,,1147,16,,,0,248,,1148,16,,,0,115,,1149,16,,,0,113,,1150,15,,,0
18000201,'5087',1536,,1794,17,,,0
18000201,'5287',1536,,1795,17,,,0
