2001,'5087',509,,1306,10,,,0,220,,1307,10,,,0,325,,1308,12,,,0,577,,1309,12,,,0,122,,1310,12,,,0
2001,'5274',754,,1311,10,0,24 25,0
2001,'5276',754,,1312,10,0,24 25,0
2001,'5284',542,,1315,10,,,0,497,,1316,12,,,0,490,,1313,12,,,0
2001,'5287',509,,1317,10,,,0,220,,1318,10,,,0,325,,1319,12,,,0,577,,1320,12,,,0,122,,1321,12,,,0
2001,'5291',754,,1322,10,0,24 25,0
2001,'5295',754,,1323,10,0,24 25,0
7400,'5278',1635,,1679,13,,,0
7400,'5292',1635,,1680,13,,,0
9901,'5087',619,,1775,10,,,0,91,,1776,10,,,0,115,,1777,10,,,0,181,,1778,10,,,0,220,,1779,10,,,0,309,,1780,10,,,0,104,,1781,10,,,0,88,,1782,10,,,0
9901,'5284',907,,1783,10,,,0,344,,1784,10,,,0,475,,1785,10,,,0
9901,'5287',619,,1786,10,,,0,91,,1787,10,,,0,115,,1788,10,,,0,181,,1789,10,,,0,220,,1790,10,,,0,309,,1791,10,,,0,104,,1792,10,,,0,88,,1793,10,,,0
