4300,'4623',2147,,1472,28,,,0
4300,'5087',757,,1474,28,4,,0,162,,1477,25,4,,0,100,,1473,28,,,0,111,,1478,25,4,,0,106,,1475,28,,,0,178,,1479,25,,,0,15,,1483,28,4,,0,113,,1482,28,,,0,63,,1480,25,,,0,139,,1476,25,,,0,164,,1481,28,,,0
4300,'5284',918,,1490,28,,,0,201,,1484,28,,,0,203,,1485,28,4,,0,109,,1486,28,,,0,182,,1487,28,,,0,126,,1488,28,,,0,167,,1489,28,,,0
4300,'5287',757,,1492,28,4,,0,162,,1495,25,4,,0,100,,1491,28,,,0,111,,1496,25,4,,0,106,,1493,28,,,0,178,,1497,25,,,0,15,,1501,28,4,,0,113,,1500,33,,,0,63,,1498,25,,,0,139,,1494,25,,,0,164,,1499,28,,,0
4300,'5298',2147,,1502,28,,,0
4301,'5087',715,,1504,1,,,0,44,,1513,1,,,0,162,,1507,1,,,0,181,,1509,13,,,0,30,,1508,1,,,0,188,,1503,13,,,0,111,,1514,1,,,0,27,,1505,13,,,0,169,,1511,13,,,0,200,,1510,13,,,0,123,,1512,13,,,0
4301,'5284',820,,1519,13,,,0,181,,1518,13,,,0,201,,1515,13,,,0,121,,1516,1,,,0,191,,1517,13,,,0
4301,'5287',715,,1521,1,,,0,44,,1530,1,,,0,162,,1524,1,,,0,181,,1526,13,,,0,30,,1525,1,,,0,188,,1520,13,,,0,111,,1531,1,,,0,27,,1522,13,,,0,169,,1528,13,,,0,200,,1527,13,,,0,123,,1529,13,,,0
24004300,'5087',537,,1809,7,,,0,95,,1807,7,,,0,73,,1806,7,,,0,132,,1808,7,,,0
24004300,'5284',738,,1810,7,,,0
24004300,'5287',537,,1814,7,,,0,95,,1812,7,,,0,73,,1811,7,,,0,132,,1813,7,,,0
24004301,'5087',617,,1820,13,,,0,95,,1817,13,,,0,36,,1818,13,,,0,172,,1819,13,,,0,728,,1816,13,,,0
24004301,'5284',1655,,1822,13,,,0,166,,1821,13,,,0,127,,1823,13,,,0
24004301,'5287',617,,1828,13,,,0,95,,1825,13,,,0,36,,1826,13,,,0,172,,1827,13,,,0,728,,1824,13,,,0
