4300,'4614',1509,,1543,4,,,0
4301,'4614',823,,1575,26,,,0
4401,'4614',703,,1594,4,0,21,0,13,,1594,21,,,0,17,,1605,4,0,21,0,13,,1605,21,,,0,67,,1596,4,0,21,0,15,,1596,21,,,0,131,,1597,4,0,22 23 16,0,162,,1598,4,0,21,0,13,,1598,21,,,0,73,,1604,4,0,22 23 16,0,152,,1595,4,0,21,0,53,,1595,21,,,0,97,,1601,4,0,21,0,16,,1601,21,,,0,134,,1599,4,0,22 23 16,0,57,,1600,4,0,21,0,13,,1600,21,,,0,75,,1603,4,0,21,0,13,,1603,21,,,0
4401,'4619',1958,,1606,4,0,22 23 16,0
4401,'4623',1958,,1607,4,0,22 23 16,0
4401,'5087',703,,1608,4,0,21,0,13,,1608,21,,,0,17,,1619,4,0,21,0,13,,1619,21,,,0,67,,1610,4,0,21,0,15,,1610,21,,,0,131,,1611,4,0,22 23 16,0,162,,1612,4,0,21,0,13,,1612,21,,,0,73,,1618,4,0,22 23 16,0,152,,1609,4,0,21,0,53,,1609,21,,,0,97,,1615,4,0,21,0,16,,1615,21,,,0,134,,1613,4,0,22 23 16,0,57,,1614,4,0,21,0,13,,1614,21,,,0,75,,1617,4,0,21,0,13,,1617,21,,,0
4401,'5284',826,,1622,4,0,21,0,13,,1622,21,,,0,183,,1624,4,0,21,0,13,,1624,21,,,0,166,,1623,4,0,21,0,13,,1623,21,,,0,307,,1620,4,0,21,0,13,,1620,21,,,0,114,,1621,4,0,21,0,53,,1621,21,,,0
4600,'4614',826,,1638,22,4,,0
9800,'4614',1513,,1773,4,0,7 8 2 9 2 10,0
9800,'5087',1513,,1783,4,0,7 8 2 9 2 10,0
9801,'4614',827,,1793,27,,,0
9801,'5087',827,,1806,27,,,0
24004301,'4614',759,,1894,18,,,0
