100,'4614',636,,1016,4,,,0,103,,1015,4,,,0,70,,1014,4,,,0,34,,1017,11,,,0,76,,1030,4,,,0,39,,1026,4,,,0,167,,1019,11,,,0,20,,1018,11,,,0,161,,1020,4,,,0,42,,1021,11,,,0,110,,1022,11,,,0,96,,1023,11,,,0,152,,1028,11,,,0,94,,1029,11,,,0,45,,1024,11,,,0
100,'4619',1525,,1031,11,,,0,406,,1032,4,,,0,115,,1033,4,,,0,154,,1034,4,,,0,105,,1035,4,,,0
100,'4623',1525,,1036,11,,,0,406,,1037,4,,,0,115,,1038,4,,,0,154,,1039,4,,,0,105,,1040,4,,,0
100,'4931',1525,,1041,11,,,0,406,,1042,4,,,0,115,,1043,4,,,0,154,,1044,4,,,0
100,'5087',636,,1046,4,,,0,103,,1045,4,,,0,815,,1047,11,,,0,152,,1048,11,,,0,94,,1049,11,,,0
100,'5274',1028,,1050,4,,,0,27,,1051,11,,,0
100,'5276',1028,,1052,4,,,0,27,,1053,11,,,0
100,'5284',831,,1054,4,,,0,75,,1056,4,,,0,99,,1057,11,,,0,37,,1055,4,,,0,90,,1058,4,,,0,115,,1059,4,,,0,160,,1060,4,,,0,120,,1061,4,,,0,75,,1062,4,,,0,108,,1063,11,,,0,195,,1064,4,,,0
100,'5291',1028,,1065,4,,,0,27,,1066,11,,,0
100,'5295',1028,,1067,4,,,0,27,,1068,11,,,0
100,'5403',809,,1069,4,,,0,34,,1070,11,,,0,76,,1084,4,,,0,39,,1082,4,,,0,167,,1072,11,,,0,20,,1071,11,,,0,161,,1073,4,,,0,42,,1074,11,,,0,110,,1075,11,,,0,67,,1076,11,,,0,320,,1077,11,,,0,86,,1078,4,,,0,115,,1079,4,,,0,154,,1080,4,,,0
100,'5404',809,,1085,4,,,0,34,,1086,11,,,0,76,,1096,4,,,0,39,,1094,4,,,0,167,,1088,11,,,0,20,,1087,11,,,0,161,,1089,4,,,0,42,,1090,11,,,0,110,,1091,11,,,0,387,,1092,11,,,0
100,'5405',1525,,1097,11,,,0,406,,1098,4,,,0,115,,1099,4,,,0,154,,1100,4,,,0
