100,'4614',639,,1016,9,,,0,102,,1015,9,,,0,70,,1014,9,,,0,34,,1017,16,,,0,76,,1030,9,,,0,79,,1026,9,,,0,127,,1019,16,,,0,20,,1018,16,,,0,161,,1020,9,,,0,42,,1021,16,,,0,150,,1022,16,,,0,56,,1023,16,,,0,152,,1028,16,,,0,94,,1029,16,,,0,45,,1024,16,,,0
100,'4619',1527,,1031,16,,,0,407,,1032,9,,,0,115,,1033,9,,,0,154,,1034,9,,,0,105,,1035,9,,,0
100,'4623',1527,,1036,16,,,0,407,,1037,9,,,0,115,,1038,9,,,0,154,,1039,9,,,0,105,,1040,9,,,0
100,'4931',1527,,1041,16,,,0,407,,1042,9,,,0,115,,1043,9,,,0,154,,1044,9,,,0
100,'5087',639,,1046,9,,,0,102,,1045,9,,,0,815,,1047,16,,,0,152,,1048,16,,,0,94,,1049,16,,,0
100,'5274',1030,,1050,9,,,0,27,,1051,16,,,0
100,'5276',1030,,1052,9,,,0,27,,1053,16,,,0
100,'5284',834,,1054,9,,,0,75,,1056,9,,,0,99,,1057,16,,,0,37,,1055,9,,,0,90,,1058,9,,,0,115,,1059,9,,,0,160,,1060,9,,,0,120,,1061,9,,,0,75,,1062,9,,,0,108,,1063,16,,,0,195,,1064,9,,,0
100,'5291',1030,,1065,9,,,0,27,,1066,16,,,0
100,'5295',1030,,1067,9,,,0,27,,1068,16,,,0
100,'5403',811,,1069,9,,,0,34,,1070,16,,,0,76,,1084,9,,,0,79,,1082,9,,,0,127,,1072,16,,,0,20,,1071,16,,,0,161,,1073,9,,,0,42,,1074,16,,,0,150,,1075,16,,,0,27,,1076,16,,,0,320,,1077,16,,,0,87,,1078,9,,,0,115,,1079,9,,,0,154,,1080,9,,,0
100,'5404',811,,1085,9,,,0,34,,1086,16,,,0,76,,1096,9,,,0,79,,1094,9,,,0,127,,1088,16,,,0,20,,1087,16,,,0,161,,1089,9,,,0,42,,1090,16,,,0,150,,1091,16,,,0,347,,1092,16,,,0
100,'5405',1527,,1097,16,,,0,407,,1098,9,,,0,115,,1099,9,,,0,154,,1100,9,,,0
