100,'4614',635,,1016,1,,,0,102,,1015,1,,,0,70,,1014,1,,,0,34,,1017,8,,,0,76,,1030,1,,,0,39,,1026,1,,,0,167,,1019,8,,,0,20,,1018,8,,,0,161,,1020,1,,,0,42,,1021,8,,,0,110,,1022,8,,,0,96,,1023,8,,,0,152,,1028,8,,,0,54,,1029,8,,,0,85,,1024,8,,,0
100,'4619',1523,,1031,8,,,0,407,,1032,1,,,0,115,,1033,1,,,0,114,,1034,1,,,0,145,,1035,1,,,0
100,'4623',1523,,1036,8,,,0,407,,1037,1,,,0,115,,1038,1,,,0,114,,1039,1,,,0,145,,1040,1,,,0
100,'4931',1523,,1041,8,,,0,407,,1042,1,,,0,115,,1043,1,,,0,114,,1044,1,,,0
100,'5087',635,,1046,1,,,0,102,,1045,1,,,0,815,,1047,8,,,0,152,,1048,8,,,0,54,,1049,8,,,0
100,'5274',1026,,1050,1,,,0,27,,1051,8,,,0
100,'5276',1026,,1052,1,,,0,27,,1053,8,,,0
100,'5284',830,,1054,1,,,0,75,,1056,1,,,0,99,,1057,8,,,0,37,,1055,1,,,0,90,,1058,1,,,0,115,,1059,1,,,0,160,,1060,1,,,0,120,,1061,1,,,0,75,,1062,1,,,0,108,,1063,8,,,0,195,,1064,1,,,0
100,'5291',1026,,1065,1,,,0,27,,1066,8,,,0
100,'5295',1026,,1067,1,,,0,27,,1068,8,,,0
100,'5403',807,,1069,1,,,0,34,,1070,8,,,0,76,,1084,1,,,0,39,,1082,1,,,0,167,,1072,8,,,0,20,,1071,8,,,0,161,,1073,1,,,0,42,,1074,8,,,0,110,,1075,8,,,0,67,,1076,8,,,0,320,,1077,8,,,0,87,,1078,1,,,0,115,,1079,1,,,0,114,,1080,1,,,0
100,'5404',807,,1085,1,,,0,34,,1086,8,,,0,76,,1096,1,,,0,39,,1094,1,,,0,167,,1088,8,,,0,20,,1087,8,,,0,161,,1089,1,,,0,42,,1090,8,,,0,110,,1091,8,,,0,387,,1092,8,,,0
100,'5405',1523,,1097,8,,,0,407,,1098,1,,,0,115,,1099,1,,,0,114,,1100,1,,,0
301,'4614',635,,1187,22,4,,0,102,,1186,22,4,,0,70,,1183,22,4,,0,110,,1198,22,4,,0,39,,1189,22,4,,0,348,,1192,22,4,,0
301,'4619',1930,,1201,22,4,,0,115,,1202,22,4,,0,114,,1203,22,4,,0,145,,1204,22,4,,0
301,'4623',1930,,1207,22,4,,0,115,,1208,22,4,,0,114,,1209,22,4,,0,145,,1210,22,4,,0
301,'4931',1930,,1213,22,4,,0,115,,1214,22,4,,0,114,,1215,22,4,,0
301,'5087',635,,1217,22,4,,0,102,,1216,22,4,,0
301,'5274',1026,,1220,22,4,,0
301,'5276',1026,,1221,22,4,,0
301,'5284',830,,1222,22,4,,0,75,,1224,22,4,,0,136,,1223,22,4,,0,90,,1226,22,4,,0,115,,1225,22,4,,0,160,,1227,22,4,,0,120,,1228,22,4,,0,75,,1229,22,4,,0,303,,1230,22,4,,0
301,'5291',1026,,1231,22,4,,0
301,'5295',1026,,1232,22,4,,0
301,'5403',807,,1233,22,4,,0,110,,1249,22,4,,0,39,,1236,22,4,,0,348,,1239,22,4,,0,626,,1245,22,4,,0,115,,1247,22,4,,0,114,,1248,22,4,,0
301,'5404',807,,1250,22,4,,0,110,,1261,22,4,,0,39,,1253,22,4,,0,348,,1256,22,4,,0
301,'5405',1930,,1264,22,4,,0,115,,1265,22,4,,0,114,,1266,22,4,,0
