1000,'4332',1052,,929,28,,,0,500,,930,28,,,0,365,,931,28,,,0
1000,'4480',1412,,232,28,,,0,695,,234,28,,,0
1000,'5264',912,,230,28,,,0,729,,231,28,,,0,271,,233,28,,,0
1000,'5265',1232,,240,28,,,0
1000,'5266',912,,932,28,,,0,729,,933,28,,,0,271,,934,28,,,0
1000,'5267',1232,,935,28,,,0
1000,'5270',1232,,936,28,,,0
7600,'5271',1028,,989,20,,,0
24001000,'4332',726,,1008,16,,,0
24001000,'4480',1734,,791,23,,,0
24001000,'5264',628,,790,16,,,0,105,,792,16,,,0
24001000,'5266',628,,1009,16,,,0,105,,1010,16,,,0
