4300,'4614',1508,,1543,3,,,0
4301,'4614',822,,1575,25,,,0
4401,'4614',544,,1602,21,,,0,158,,1594,3,0,21,0,30,,1605,3,0,21,0,80,,1596,3,0,21,0,146,,1597,3,0,22 23 16,0,162,,1598,3,0,21,0,86,,1604,3,0,22 23 16,0,152,,1595,3,0,21,0,150,,1601,3,0,21,0,150,,1599,3,0,22 23 16,0,57,,1600,3,0,21,0,88,,1603,3,0,21,0
4401,'4619',1957,,1606,3,0,22 23 16,0
4401,'4623',1957,,1607,3,0,22 23 16,0
4401,'5087',544,,1616,21,,,0,158,,1608,3,0,21,0,30,,1619,3,0,21,0,80,,1610,3,0,21,0,146,,1611,3,0,22 23 16,0,162,,1612,3,0,21,0,86,,1618,3,0,22 23 16,0,152,,1609,3,0,21,0,150,,1615,3,0,21,0,150,,1613,3,0,22 23 16,0,57,,1614,3,0,21,0,88,,1617,3,0,21,0
4401,'5284',825,,1622,3,0,21,0,196,,1624,3,0,21,0,179,,1623,3,0,21,0,320,,1620,3,0,21,0,127,,1621,3,0,21,0
4600,'4614',825,,1638,21,,,0
9800,'4614',1512,,1773,3,0,7 8 2 9 2 10,0
9800,'5087',1512,,1783,3,0,7 8 2 9 2 10,0
9801,'4614',826,,1793,26,,,0
9801,'5087',826,,1806,26,,,0
