4101,'4332',900,,453,10,,,0,347,,451,10,,,0,306,,452,10,,,0
4101,'4480',755,,454,10,,,0,90,,456,10,,,0,310,,457,10,,,0,285,,455,10,,,0,266,,458,10,,,0,47,,459,10,,,0
4500,'4480',618,,575,13,,,0,27,,576,10,,,0,8,,577,13,,,0,876,,578,6,,,0
4600,'4332',844,,587,22,0,11,0,308,,586,22,0,11,0,357,,583,22,0,11,0,196,,584,22,0,11,0,223,,585,8,4,,0
4600,'4480',817,,593,17,0,44 45,0,120,,588,17,0,11,0,118,,592,22,0,11,0,104,,597,17,0,11,0,179,,595,22,0,11,0,112,,589,17,0,11,0,75,,590,17,0,11,0,119,,591,22,0,11,0,169,,594,17,0,11,0,137,,598,17,0,11,0
4600,'4663',2110,,610,17,0,11,0
4800,'4840',1605,,641,11,,,0
9801,'4332',1011,,730,20,0,11,0,345,,728,20,0,11,0,477,,729,20,0,11,0
9801,'4480',726,,736,20,0,11,0,95,,732,23,,,0,116,,737,23,,,0,171,,735,20,0,11,0,233,,731,23,,,0,308,,733,20,0,11,0,99,,738,20,0,11,0,86,,734,20,0,11,0
9801,'4663',1949,,747,20,0,11,0
