1001,'4614',655,,1307,7,,,0,145,,1311,7,,,0,145,,1308,7,,,0,505,,1312,7,,,0,270,,1309,7,,,0,90,,1310,7,,,0,140,,1313,7,,,0
1001,'5087',1450,,1315,7,,,0,270,,1314,7,,,0,230,,1316,7,,,0
1001,'5274',1310,,1317,7,,,0
1001,'5276',1310,,1318,7,,,0
1001,'5284',755,,1319,7,,,0,376,,1320,7,,,0,819,,1321,7,,,0
1001,'5291',1310,,1322,7,,,0
1001,'5295',1310,,1323,7,,,0
1001,'5403',655,,1324,7,,,0,145,,1327,7,,,0,145,,1325,7,,,0,865,,1326,7,,,0
1001,'5404',655,,1328,7,,,0,145,,1331,7,,,0,145,,1329,7,,,0,865,,1330,7,,,0
7601,'5281',909,,1761,12,,,0
7601,'5294',909,,1767,12,,,0
24001001,'4614',2139,,1880,7,,,0
24001001,'5087',2139,,1881,7,,,0
24001001,'5284',1625,,1882,7,,,0
