4600,'4614',806,,1638,8,0,11,0,120,,1633,8,0,11,0,114,,1637,8,0,11,0,107,,1641,8,0,11,0,179,,1640,8,0,11,0,113,,1634,8,0,11,0,77,,1635,8,0,11,0,115,,1636,8,0,11,0,127,,1639,8,0,11,0,182,,1642,8,0,11,0
4600,'4619',2106,,1643,8,0,11,0
4600,'4623',2106,,1644,8,0,11,0
4600,'5087',806,,1650,8,0,11,0,120,,1645,8,0,11,0,114,,1649,8,0,11,0,107,,1653,8,0,11,0,179,,1652,8,0,11,0,113,,1646,8,0,11,0,77,,1647,8,0,11,0,115,,1648,8,0,11,0,127,,1651,8,0,11,0,182,,1654,8,0,11,0
4600,'5284',829,,1659,8,0,11,0,308,,1658,8,0,11,0,317,,1655,8,0,11,0,195,,1656,8,0,11,0
4601,'4614',851,,1660,9,,,0,154,,1667,14,,,0,107,,1669,9,,,0,139,,1668,14,,,0,153,,1661,9,,,0,35,,1664,9,,,0,116,,1662,14,,,0,168,,1663,9,,,0,183,,1670,9,,,0
4601,'4619',2032,,1671,9,,,0
4601,'4623',2032,,1672,9,,,0
4601,'5087',851,,1673,9,,,0,154,,1680,14,,,0,107,,1682,9,,,0,139,,1681,14,,,0,153,,1674,9,,,0,35,,1677,9,,,0,116,,1675,14,,,0,168,,1676,9,,,0,183,,1683,9,,,0
4601,'5284',1103,,1687,14,,,0,316,,1684,14,,,0,195,,1685,14,,,0,237,,1686,9,,,0
