100,'4614',638,,1016,7,,,0,102,,1015,7,,,0,70,,1014,7,,,0,34,,1017,14,,,0,76,,1030,7,,,0,39,,1026,7,,,0,167,,1019,14,,,0,20,,1018,14,,,0,161,,1020,7,,,0,42,,1021,14,,,0,110,,1022,14,,,0,96,,1023,14,,,0,152,,1028,14,,,0,94,,1029,14,,,0,45,,1024,14,,,0
100,'4619',1526,,1031,14,,,0,407,,1032,7,,,0,115,,1033,7,,,0,154,,1034,7,,,0,105,,1035,7,,,0
100,'4623',1526,,1036,14,,,0,407,,1037,7,,,0,115,,1038,7,,,0,154,,1039,7,,,0,105,,1040,7,,,0
100,'4931',1526,,1041,14,,,0,407,,1042,7,,,0,115,,1043,7,,,0,154,,1044,7,,,0
100,'5087',638,,1046,7,,,0,102,,1045,7,,,0,815,,1047,14,,,0,152,,1048,14,,,0,94,,1049,14,,,0
100,'5274',1029,,1050,7,,,0,27,,1051,14,,,0
100,'5276',1029,,1052,7,,,0,27,,1053,14,,,0
100,'5284',833,,1054,7,,,0,75,,1056,7,,,0,99,,1057,14,,,0,37,,1055,7,,,0,90,,1058,7,,,0,115,,1059,7,,,0,160,,1060,7,,,0,120,,1061,7,,,0,75,,1062,7,,,0,108,,1063,14,,,0,195,,1064,7,,,0
100,'5291',1029,,1065,7,,,0,27,,1066,14,,,0
100,'5295',1029,,1067,7,,,0,27,,1068,14,,,0
100,'5403',810,,1069,7,,,0,34,,1070,14,,,0,76,,1084,7,,,0,39,,1082,7,,,0,167,,1072,14,,,0,20,,1071,14,,,0,161,,1073,7,,,0,42,,1074,14,,,0,110,,1075,14,,,0,67,,1076,14,,,0,320,,1077,14,,,0,87,,1078,7,,,0,115,,1079,7,,,0,154,,1080,7,,,0
100,'5404',810,,1085,7,,,0,34,,1086,14,,,0,76,,1096,7,,,0,39,,1094,7,,,0,167,,1088,14,,,0,20,,1087,14,,,0,161,,1089,7,,,0,42,,1090,14,,,0,110,,1091,14,,,0,387,,1092,14,,,0
100,'5405',1526,,1097,14,,,0,407,,1098,7,,,0,115,,1099,7,,,0,154,,1100,7,,,0
