1001,'4614',700,,1307,11,,,0,105,,1311,11,,,0,145,,1308,11,,,0,505,,1312,11,,,0,270,,1309,11,,,0,90,,1310,11,,,0,140,,1313,11,,,0
1001,'5087',1455,,1315,11,,,0,270,,1314,11,,,0,230,,1316,11,,,0
1001,'5274',1315,,1317,11,,,0
1001,'5276',1315,,1318,11,,,0
1001,'5284',800,,1319,11,,,0,336,,1320,11,,,0,819,,1321,11,,,0
1001,'5291',1315,,1322,11,,,0
1001,'5295',1315,,1323,11,,,0
1001,'5403',700,,1324,11,,,0,105,,1327,11,,,0,145,,1325,11,,,0,865,,1326,11,,,0
1001,'5404',700,,1328,11,,,0,105,,1331,11,,,0,145,,1329,11,,,0,865,,1330,11,,,0
7601,'5281',912,,1761,15,,,0
7601,'5294',912,,1767,15,,,0
24001001,'4614',2142,,1880,10,,,0
24001001,'5087',2142,,1881,10,,,0
24001001,'5284',1629,,1882,10,,,0
