301,'4614',816,,1184,17,0,13,0,39,,1188,17,0,13,0,200,,1190,17,0,13,0,100,,1191,17,0,13,0,203,,1193,17,0,13,0,89,,1194,17,0,13,0,103,,1196,17,0,13,0,151,,1197,17,0,13,0,128,,1195,17,0,13,0
301,'4619',1634,,1199,17,0,13,0,101,,1200,17,0,13,0
301,'4623',1634,,1205,17,0,13,0,101,,1206,17,0,13,0
301,'4931',1634,,1211,17,0,13,0,101,,1212,17,0,13,0
301,'5087',855,,1218,17,0,13,0,974,,1219,17,0,13,0
301,'5403',816,,1234,17,0,13,0,239,,1237,17,0,13,0,100,,1238,17,0,13,0,203,,1240,17,0,13,0,89,,1241,17,0,13,0,103,,1244,17,0,13,0,84,,1242,17,0,13,0,67,,1246,17,0,13,0,34,,1243,17,0,13,0
301,'5404',816,,1251,17,0,13,0,239,,1254,17,0,13,0,100,,1255,17,0,13,0,203,,1257,17,0,13,0,89,,1258,17,0,13,0,103,,1259,17,0,13,0,151,,1260,17,0,13,0
301,'5405',1634,,1262,17,0,13,0,101,,1263,17,0,13,0
7200,'5276',843,,1732,4,,,0,575,,1731,4,,,0,421,,1733,2,0,37,0
7200,'5291',843,,1735,4,,,0,575,,1734,4,,,0,421,,1736,2,0,37,0
