201,'4332',832,,869,28,,,0,113,,860,28,,,0,113,,861,30,,,0,158,,862,28,,,0,116,,863,30,,,0,117,,864,28,,,0,200,,865,30,,,0,106,,866,28,,,0,80,,867,28,,,0,113,,868,28,,,0
201,'4480',640,,91,27,,,0,66,,92,27,,,0,142,,88,27,,,0,77,,93,28,,,0,30,,94,28,,,0,102,,95,30,,,0,68,,877,28,,,0,103,,878,30,,,0,98,,98,28,,,0,107,,879,30,,,0,18,,880,28,,,0,176,,882,30,,,0,297,,883,28,,,0
201,'4661',1600,,884,28,,,0,104,,885,28,,,0,100,,886,28,,,0,209,,887,28,,,0,114,,888,28,,,0
201,'4663',1600,,870,28,,,0,104,,871,28,,,0,100,,872,28,,,0,209,,873,28,,,0,114,,874,28,,,0,113,,875,27,,,0
201,'4674',1731,,123,28,,,0
201,'4676',1731,,124,28,,,0
1001,'4332',832,,937,42,,,0,378,,938,42,,,0,817,,939,42,,,0
1001,'4480',731,,940,42,,,0,105,,943,42,,,0,188,,941,42,,,0,504,,252,42,,,0,230,,942,42,,,0,89,,250,42,,,0,179,,944,42,,,0
1001,'4674',1348,,946,42,,,0
1001,'4676',1348,,945,42,,,0
24001001,'4332',1658,,1011,29,,,0
24001001,'4480',2210,,797,29,,,0
