1000,'4332',1038,,929,16,,,0,499,,930,16,,,0,366,,931,16,,,0
1000,'4480',1358,,232,16,,,0,695,,234,16,,,0
1000,'5264',858,,230,16,,,0,769,,231,16,,,0,231,,233,16,,,0
1000,'5265',1218,,240,16,,,0
1000,'5266',858,,932,16,,,0,769,,933,16,,,0,231,,934,16,,,0
1000,'5267',1218,,935,16,,,0
1000,'5270',1218,,936,16,,,0
7600,'5271',1017,,989,12,,,0
24001000,'4332',715,,1008,8,,,0
24001000,'4480',1719,,791,11,,,0
24001000,'5264',617,,790,8,,,0,105,,792,8,,,0
24001000,'5266',617,,1009,8,,,0,105,,1010,8,,,0
