1000,'4614',907,,1289,20,,,0,500,,1291,20,,,0,226,,1290,20,,,0,273,,1292,20,,,0,196,,1293,20,,,0
1000,'5087',1407,,1295,20,,,0,226,,1294,20,,,0,273,,1296,20,,,0,196,,1297,20,,,0
1000,'5274',1227,,1298,20,,,0
1000,'5276',1227,,1299,20,,,0
1000,'5284',1045,,1300,20,,,0,499,,1301,20,,,0,366,,1302,20,,,0
1000,'5291',1227,,1303,20,,,0
1000,'5295',1227,,1304,20,,,0
1000,'5403',907,,1305,20,,,0
1000,'5404',907,,1306,20,,,0
7600,'5281',1021,,1749,16,,,0
7600,'5294',1021,,1755,16,,,0
24001000,'4614',622,,1870,12,,,0,105,,1872,12,,,0,998,,1871,15,,,0
24001000,'5284',720,,1873,12,,,0
24001000,'5403',622,,1874,12,,,0,105,,1876,12,,,0,998,,1875,15,,,0
24001000,'5404',622,,1877,12,,,0,105,,1879,12,,,0,998,,1878,15,,,0
