301,'4614',628,,1187,12,0,28 29,0,102,,1186,12,0,28 29,0,10,,1185,6,0,5 6 16,0,19,,1183,12,0,28 29,0,51,,1184,12,0,30,0,39,,1188,12,0,30,0,60,,1198,12,0,28 29,0,40,,1189,12,0,28 29,0,100,,1190,12,0,30,0,100,,1191,12,0,30,0,108,,1192,12,0,28 29,0,95,,1193,12,0,30,0,89,,1194,12,0,30,0,104,,1196,12,0,30,0,111,,1197,12,0,30,0,168,,1195,12,0,30,0
301,'4619',1629,,1199,12,0,30,0,101,,1200,12,0,30,0,193,,1201,12,0,28 29,0,115,,1202,12,0,28 29,0,115,,1203,12,0,28 29,0,105,,1204,12,0,28 29,0
301,'4623',1629,,1205,12,0,30,0,101,,1206,12,0,30,0,193,,1207,12,0,28 29,0,115,,1208,12,0,28 29,0,115,,1209,12,0,28 29,0,105,,1210,12,0,28 29,0
301,'4931',1629,,1211,12,0,30,0,101,,1212,12,0,30,0,193,,1213,12,0,28 29,0,115,,1214,12,0,28 29,0,115,,1215,12,0,28 29,0
301,'5087',628,,1217,12,0,28 29,0,102,,1216,12,0,28 29,0,119,,1218,12,0,30,0,975,,1219,12,0,30,0
301,'5274',1019,,1220,12,0,28 29,0
301,'5276',1019,,1221,12,0,28 29,0
301,'5284',823,,1222,12,0,28 29,0,35,,1224,12,0,28 29,0,176,,1223,12,0,28 29,0,90,,1226,12,0,28 29,0,115,,1225,12,0,28 29,0,120,,1227,12,0,28 29,0,160,,1228,12,0,28 29,0,35,,1229,12,0,28 29,0,303,,1230,12,0,28 29,0
301,'5291',1019,,1231,12,0,28 29,0
301,'5295',1019,,1232,12,0,28 29,0
301,'5403',740,,1235,6,0,5 6 16,0,19,,1233,12,0,28 29,0,51,,1234,12,0,30,0,99,,1249,12,0,28 29,0,40,,1236,12,0,28 29,0,100,,1237,12,0,30,0,100,,1238,12,0,30,0,108,,1239,12,0,28 29,0,95,,1240,12,0,30,0,89,,1241,12,0,30,0,104,,1244,12,0,30,0,84,,1242,12,0,30,0,27,,1246,12,0,30,0,74,,1243,12,0,30,0,193,,1245,12,0,28 29,0,115,,1247,12,0,28 29,0,115,,1248,12,0,28 29,0
301,'5404',740,,1252,6,0,5 6 16,0,19,,1250,12,0,28 29,0,51,,1251,12,0,30,0,99,,1261,12,0,28 29,0,40,,1253,12,0,28 29,0,100,,1254,12,0,30,0,100,,1255,12,0,30,0,108,,1256,12,0,28 29,0,95,,1257,12,0,30,0,89,,1258,12,0,30,0,104,,1259,12,0,30,0,111,,1260,12,0,30,0
301,'5405',1629,,1262,12,0,30,0,101,,1263,12,0,30,0,193,,1264,12,0,28 29,0,115,,1265,12,0,28 29,0,115,,1266,12,0,28 29,0
