4300,'4614',730,,1535,1,0,17 1 18,0,123,,1538,1,0,17 1 18,0,97,,1534,1,,,0,153,,1539,1,0,17 1 18,0,104,,1536,1,,,0,140,,1540,1,,,0,53,,1544,1,0,17 1 18,0,103,,1543,1,,,0,35,,1541,1,,,0,179,,1537,1,,,0,124,,1542,1,,,0
4300,'4619',2121,,1545,1,,,0
4300,'4623',2121,,1546,1,,,0
4300,'5087',730,,1548,1,0,17 1 18,0,123,,1551,1,0,17 1 18,0,97,,1547,1,,,0,153,,1552,1,0,17 1 18,0,104,,1549,1,,,0,140,,1553,1,,,0,53,,1557,1,0,17 1 18,0,111,,1556,1,,,0,27,,1554,1,,,0,179,,1550,1,,,0,124,,1555,1,,,0
4300,'5284',850,,1564,1,,,0,201,,1558,1,,,0,203,,1559,1,0,17 1 18,0,149,,1560,1,,,0,142,,1561,1,,,0,167,,1562,1,,,0,128,,1563,1,,,0
4301,'4614',649,,1568,22,4,,0,92,,1566,26,4,,0,90,,1575,31,4,,0,115,,1569,23,4,,0,184,,1571,38,4,,0,28,,1570,23,4,,0,191,,1565,38,4,,0,151,,1576,26,4,,0,25,,1567,35,4,,0,131,,1573,38,4,,0,196,,1572,35,4,,0,162,,1574,38,4,,0
4301,'5087',649,,1580,22,4,,0,92,,1578,26,4,,0,86,,1587,26,4,,0,119,,1581,23,4,,0,184,,1583,38,4,,0,28,,1582,23,4,,0,191,,1577,38,4,,0,151,,1588,26,4,,0,25,,1579,35,4,,0,131,,1585,38,4,,0,196,,1584,35,4,,0,162,,1586,38,4,,0
4301,'5284',847,,1593,38,4,,0,181,,1592,38,4,,0,202,,1589,38,4,,0,121,,1590,26,4,,0,191,,1591,38,4,,0
4401,'4614',555,,1602,37,4,,0,145,,1594,1,0,21,0,25,,1594,27,4,,0,5,,1605,1,0,21,0,25,,1605,27,4,,0,54,,1596,1,0,21,0,28,,1596,27,4,,0,118,,1597,1,0,22 23 16,0,53,,1597,10,4,,0,109,,1598,1,0,21,0,27,,1598,27,4,,0,59,,1604,1,0,22 23 16,0,14,,1604,10,4,,0,138,,1595,1,0,21,0,67,,1595,27,4,,0,81,,1601,1,0,21,0,33,,1601,27,4,,0,118,,1599,1,0,22 23 16,0,54,,1599,10,4,,0,4,,1600,1,0,21,0,26,,1600,27,4,,0,62,,1603,1,0,21,0,26,,1603,27,4,,0
4401,'4619',1955,,1606,1,0,22 23 16,0,52,,1606,10,4,,0
4401,'4623',1955,,1607,1,0,22 23 16,0,52,,1607,10,4,,0
4401,'5087',555,,1616,37,4,,0,145,,1608,1,0,21,0,25,,1608,27,4,,0,5,,1619,1,0,21,0,25,,1619,27,4,,0,54,,1610,1,0,21,0,28,,1610,27,4,,0,118,,1611,1,0,22 23 16,0,53,,1611,10,4,,0,109,,1612,1,0,21,0,27,,1612,27,4,,0,59,,1618,1,0,22 23 16,0,14,,1618,10,4,,0,138,,1609,1,0,21,0,67,,1609,27,4,,0,81,,1615,1,0,21,0,33,,1615,27,4,,0,118,,1613,1,0,22 23 16,0,54,,1613,10,4,,0,4,,1614,1,0,21,0,26,,1614,27,4,,0,62,,1617,1,0,21,0,26,,1617,27,4,,0
4401,'5284',822,,1622,1,0,21,0,25,,1622,27,4,,0,171,,1624,1,0,21,0,25,,1624,27,4,,0,114,,1623,1,0,21,0,65,,1623,27,4,,0,295,,1620,1,0,21,0,25,,1620,27,4,,0,102,,1621,1,0,21,0,65,,1621,27,4,,0
4600,'4614',820,,1638,19,,,0,120,,1633,19,4,,0,118,,1637,24,4,,0,143,,1641,19,4,,0,143,,1640,24,4,,0,109,,1634,19,4,,0,77,,1635,19,4,,0,119,,1636,24,4,,0,162,,1639,19,4,,0,141,,1642,19,4,,0
4600,'4619',2118,,1643,19,4,,0
4600,'4623',2118,,1644,19,4,,0
4600,'5087',820,,1650,19,4,,0,120,,1645,19,4,,0,118,,1649,24,4,,0,143,,1653,19,4,,0,143,,1652,24,4,,0,109,,1646,19,4,,0,77,,1647,19,4,,0,119,,1648,24,4,,0,162,,1651,19,4,,0,141,,1654,19,4,,0
4600,'5284',847,,1659,24,4,,0,308,,1658,24,4,,0,357,,1655,24,4,,0,195,,1656,24,4,,0
24004300,'4614',523,,1886,1,,,0,95,,1884,1,,,0,33,,1883,1,,,0,171,,1885,1,,,0
24004300,'5087',523,,1890,1,,,0,95,,1888,1,,,0,33,,1887,1,,,0,171,,1889,1,,,0
24004300,'5284',724,,1891,1,,,0
24004301,'4614',630,,1896,19,4,,0,96,,1893,19,4,,0,81,,1894,23,4,,0,128,,1895,19,4,,0,767,,1892,19,4,,0
24004301,'4619',2221,,1897,15,4,,0
24004301,'4623',2221,,1898,15,4,,0
24004301,'5087',630,,1903,19,4,,0,96,,1900,19,4,,0,76,,1901,19,4,,0,133,,1902,19,4,,0,767,,1899,19,4,,0
24004301,'5284',1710,,1905,19,4,,0,126,,1904,19,4,,0,167,,1906,19,4,,0
