2001,'4332',528,,959,4,,,0,492,,306,4,,,0,490,,307,4,,,0
2001,'4480',455,,309,4,,,0,260,,310,4,,,0,889,,312,4,,,0
2001,'5264',1035,,311,4,,,0,701,,313,4,,,0
2001,'5265',630,,319,4,0,24 25,0,120,,320,4,0,24 25,0
2001,'5266',1035,,960,4,,,0,701,,961,4,,,0
2001,'5267',630,,962,4,0,24 25,0,120,,963,4,0,24 25,0
2001,'5270',630,,964,4,0,24 25,0,120,,965,4,0,24 25,0
7400,'5269',1617,,987,7,,,0
9901,'4332',852,,1000,4,,,0,383,,1001,4,,,0,475,,1002,4,,,0
9901,'4480',655,,772,4,,,0,154,,773,4,,,0,140,,774,4,,,0,566,,776,4,,,0
9901,'5264',604,,771,4,,,0,606,,775,4,,,0,414,,777,4,,,0,88,,778,4,,,0
9901,'5266',604,,1003,4,,,0,606,,1004,4,,,0,414,,1005,4,,,0,88,,1006,4,,,0
