301,'4614',627,,1187,11,0,28 29,0,101,,1186,11,0,28 29,0,29,,1183,11,0,28 29,0,51,,1184,11,0,30,0,39,,1188,11,0,30,0,60,,1198,11,0,28 29,0,40,,1189,11,0,28 29,0,100,,1190,11,0,30,0,100,,1191,11,0,30,0,108,,1192,11,0,28 29,0,95,,1193,11,0,30,0,89,,1194,11,0,30,0,104,,1196,11,0,30,0,111,,1197,11,0,30,0,168,,1195,11,0,30,0
301,'4619',1627,,1199,11,0,30,0,101,,1200,11,0,30,0,194,,1201,11,0,28 29,0,115,,1202,11,0,28 29,0,115,,1203,11,0,28 29,0,105,,1204,11,0,28 29,0
301,'4623',1627,,1205,11,0,30,0,101,,1206,11,0,30,0,194,,1207,11,0,28 29,0,115,,1208,11,0,28 29,0,115,,1209,11,0,28 29,0,105,,1210,11,0,28 29,0
301,'4931',1627,,1211,11,0,30,0,101,,1212,11,0,30,0,194,,1213,11,0,28 29,0,115,,1214,11,0,28 29,0,115,,1215,11,0,28 29,0
301,'5087',627,,1217,11,0,28 29,0,101,,1216,11,0,28 29,0,119,,1218,11,0,30,0,975,,1219,11,0,30,0
301,'5274',1017,,1220,11,0,28 29,0
301,'5276',1017,,1221,11,0,28 29,0
301,'5284',822,,1222,11,0,28 29,0,35,,1224,11,0,28 29,0,176,,1223,11,0,28 29,0,90,,1226,11,0,28 29,0,115,,1225,11,0,28 29,0,120,,1227,11,0,28 29,0,160,,1228,11,0,28 29,0,35,,1229,11,0,28 29,0,303,,1230,11,0,28 29,0
301,'5291',1017,,1231,11,0,28 29,0
301,'5295',1017,,1232,11,0,28 29,0
301,'5403',757,,1233,11,0,28 29,0,51,,1234,11,0,30,0,99,,1249,11,0,28 29,0,40,,1236,11,0,28 29,0,100,,1237,11,0,30,0,100,,1238,11,0,30,0,108,,1239,11,0,28 29,0,95,,1240,11,0,30,0,89,,1241,11,0,30,0,104,,1244,11,0,30,0,84,,1242,11,0,30,0,27,,1246,11,0,30,0,74,,1243,11,0,30,0,194,,1245,11,0,28 29,0,115,,1247,11,0,28 29,0,115,,1248,11,0,28 29,0
301,'5404',757,,1250,11,0,28 29,0,51,,1251,11,0,30,0,99,,1261,11,0,28 29,0,40,,1253,11,0,28 29,0,100,,1254,11,0,30,0,100,,1255,11,0,30,0,108,,1256,11,0,28 29,0,95,,1257,11,0,30,0,89,,1258,11,0,30,0,104,,1259,11,0,30,0,111,,1260,11,0,30,0
301,'5405',1627,,1262,11,0,30,0,101,,1263,11,0,30,0,194,,1264,11,0,28 29,0,115,,1265,11,0,28 29,0,115,,1266,11,0,28 29,0
