1001,'4614',708,,1307,17,,,0,105,,1311,17,,,0,145,,1308,17,,,0,545,,1312,17,,,0,230,,1309,17,,,0,90,,1310,17,,,0,180,,1313,17,,,0
1001,'5087',1503,,1315,17,,,0,230,,1314,17,,,0,270,,1316,17,,,0
1001,'5274',1323,,1317,17,,,0
1001,'5276',1323,,1318,17,,,0
1001,'5284',808,,1319,17,,,0,336,,1320,17,,,0,859,,1321,17,,,0
1001,'5291',1323,,1322,17,,,0
1001,'5295',1323,,1323,17,,,0
1001,'5403',708,,1324,17,,,0,105,,1327,17,,,0,145,,1325,17,,,0,865,,1326,17,,,0
1001,'5404',708,,1328,17,,,0,105,,1331,17,,,0,145,,1329,17,,,0,865,,1330,17,,,0
7601,'5281',919,,1761,19,,,0
7601,'5294',919,,1767,19,,,0
24001001,'4614',2150,,1880,14,,,0
24001001,'5087',2150,,1881,14,,,0
24001001,'5284',1638,,1882,14,,,0
