1401,'4480',751,,265,2,0,31,0,850,,947,2,0,31,0
1401,'4674',1116,,949,2,0,31,0,631,,270,2,0,31,0
1401,'4676',1116,,948,2,0,31,0,631,,272,2,0,31,0
2001,'4332',523,,959,2,,,0,492,,306,2,,,0,490,,307,2,,,0
2001,'4480',450,,309,2,,,0,260,,310,2,,,0,320,,960,2,,,0,529,,312,2,,,0,172,,961,2,,,0
2001,'4674',625,,964,2,0,24 25,0,120,,965,2,0,24 25,0
2001,'4676',625,,962,2,0,24 25,0,120,,963,2,0,24 25,0
7400,'4677',1614,,987,5,,,0
9901,'4332',847,,1000,2,,,0,383,,1001,2,,,0,475,,1002,2,,,0
9901,'4480',600,,1003,2,,,0,50,,772,2,,,0,154,,773,2,,,0,140,,774,2,,,0,261,,1004,2,,,0,305,,776,2,,,0,109,,1005,2,,,0,88,,1006,2,,,0
