201,'4614',630,,1104,14,,,0,28,,1105,14,,,0,152,,1103,14,,,0,29,,1101,14,,,0,77,,1106,15,,,0,29,,1107,15,,,0,102,,1108,17,,,0,69,,1109,15,,,0,105,,1110,17,,,0,97,,1111,15,,,0,105,,1112,17,,,0,20,,1113,15,,,0,176,,1115,17,,,0,296,,1116,15,,,0
201,'4619',1552,,1117,15,,,0,105,,1118,15,,,0,98,,1119,15,,,0,248,,1120,15,,,0,115,,1121,15,,,0,113,,1122,14,,,0
201,'4623',1552,,1123,15,,,0,105,,1124,15,,,0,98,,1125,15,,,0,248,,1126,15,,,0,115,,1127,15,,,0,113,,1128,14,,,0
201,'4931',1552,,1129,15,,,0,105,,1130,15,,,0,98,,1131,15,,,0,248,,1132,15,,,0,115,,1133,15,,,0
201,'5087',658,,1135,14,,,0,152,,1134,14,,,0,106,,1136,15,,,0
201,'5274',1723,,1137,15,,,0
201,'5276',1723,,1138,15,,,0
201,'5284',824,,1148,15,,,0,112,,1139,15,,,0,112,,1140,17,,,0,159,,1141,15,,,0,115,,1142,17,,,0,118,,1143,15,,,0,199,,1144,17,,,0,107,,1145,15,,,0,80,,1146,15,,,0,113,,1147,15,,,0
201,'5291',1723,,1149,15,,,0
201,'5295',1723,,1150,15,,,0
201,'5403',630,,1152,14,,,0,209,,1151,14,,,0,106,,1153,15,,,0,102,,1154,17,,,0,69,,1155,15,,,0,105,,1156,17,,,0,97,,1157,15,,,0,105,,1158,17,,,0,20,,1159,15,,,0,109,,1160,15,,,0,67,,1163,17,,,0,38,,1161,15,,,0,98,,1162,15,,,0,160,,1164,15,,,0,88,,1165,15,,,0,115,,1166,15,,,0
201,'5404',630,,1168,14,,,0,209,,1167,14,,,0,106,,1169,15,,,0,102,,1170,17,,,0,69,,1171,15,,,0,105,,1172,17,,,0,97,,1173,15,,,0,105,,1174,17,,,0,20,,1175,15,,,0,176,,1176,17,,,0,296,,1177,15,,,0
201,'5405',1552,,1178,15,,,0,105,,1179,15,,,0,98,,1180,15,,,0,248,,1181,15,,,0,115,,1182,15,,,0
18000201,'4614',1535,,1868,16,,,0
18000201,'5087',1535,,1869,16,,,0
