100,'4614',641,,1016,14,,,0,103,,1015,14,,,0,70,,1014,14,,,0,34,,1017,21,,,0,76,,1030,14,,,0,79,,1026,14,,,0,127,,1019,21,,,0,20,,1018,21,,,0,161,,1020,14,,,0,42,,1021,21,,,0,150,,1022,21,,,0,56,,1023,21,,,0,152,,1028,21,,,0,94,,1029,21,,,0,45,,1024,21,,,0
100,'4619',1530,,1031,21,,,0,406,,1032,14,,,0,115,,1033,14,,,0,153,,1034,14,,,0,105,,1035,14,,,0
100,'4623',1530,,1036,21,,,0,406,,1037,14,,,0,115,,1038,14,,,0,153,,1039,14,,,0,105,,1040,14,,,0
100,'4931',1530,,1041,21,,,0,406,,1042,14,,,0,115,,1043,14,,,0,153,,1044,14,,,0
100,'5087',641,,1046,14,,,0,103,,1045,14,,,0,815,,1047,21,,,0,152,,1048,21,,,0,94,,1049,21,,,0
100,'5274',1033,,1050,14,,,0,67,,1051,21,,,0
100,'5276',1033,,1052,14,,,0,67,,1053,21,,,0
100,'5284',836,,1054,14,,,0,75,,1056,14,,,0,99,,1057,21,,,0,37,,1055,14,,,0,90,,1058,14,,,0,115,,1059,14,,,0,160,,1060,14,,,0,120,,1061,14,,,0,75,,1062,14,,,0,108,,1063,21,,,0,195,,1064,14,,,0
100,'5291',1033,,1065,14,,,0,67,,1066,21,,,0
100,'5295',1033,,1067,14,,,0,67,,1068,21,,,0
100,'5403',814,,1069,14,,,0,34,,1070,21,,,0,76,,1084,14,,,0,79,,1082,14,,,0,127,,1072,21,,,0,20,,1071,21,,,0,161,,1073,14,,,0,42,,1074,21,,,0,150,,1075,21,,,0,27,,1076,21,,,0,320,,1077,21,,,0,86,,1078,14,,,0,115,,1079,14,,,0,153,,1080,14,,,0
100,'5404',814,,1085,14,,,0,34,,1086,21,,,0,76,,1096,14,,,0,79,,1094,14,,,0,127,,1088,21,,,0,20,,1087,21,,,0,161,,1089,14,,,0,42,,1090,21,,,0,150,,1091,21,,,0,347,,1092,21,,,0
100,'5405',1530,,1097,21,,,0,406,,1098,14,,,0,115,,1099,14,,,0,153,,1100,14,,,0
