1000,'4332',1100,,929,36,,,0,500,,930,36,,,0,325,,931,36,,,0
1000,'4480',1420,,232,36,,,0,695,,234,36,,,0
1000,'5264',920,,230,36,,,0,729,,231,36,,,0,271,,233,36,,,0
1000,'5265',1240,,240,36,,,0
1000,'5266',920,,932,36,,,0,729,,933,36,,,0,271,,934,36,,,0
1000,'5267',1240,,935,36,,,0
1000,'5270',1240,,936,36,,,0
7600,'5271',1036,,989,28,,,0
24001000,'4332',734,,1008,24,,,0
24001000,'4480',1742,,791,31,,,0
24001000,'5264',636,,790,24,,,0,105,,792,24,,,0
24001000,'5266',636,,1009,24,,,0,105,,1010,24,,,0
