1,100,'4332',819,820,821,822,823,824,825,826,827,828,829
1,100,'4480',13,14,20
1,100,'4663',830,831,832,833,834
1,100,'5264',12,15,16,17,18,19,21,22,48,23,49,50,51,24,25,26,27,28,29
1,100,'5265',52,53,54
1,100,'5266',835,836,837,838,839,840,841,842,843,844,845,846,847,848,849
1,100,'5267',850,851,852
1,100,'5268',853,854,855,856
1,100,'5270',857,858,859
2,201,'4332',860,861,862,863,864,865,866,867,868,869
2,201,'4480',88,90,91,92,93,94,95,98
2,201,'4663',870,871,872,873,874,875
2,201,'4674',123
2,201,'4676',124
2,201,'5264',89,96,97,99,100,118,119,120,101,102,103,121,122
2,201,'5266',876,877,878,879,880,881,882,883
2,201,'5268',884,885,886,887,888
3,301,'4332',889,890,891,892,893,894,895,896,897
3,301,'4480',156,157,158,163,164
3,301,'4663',898,899,900,901,902,903
3,301,'5264',153,154,155,159,160,161,162,165,185,186,166,167,187,188,189,168
3,301,'5265',190
3,301,'5266',904,905,906,907,908,909,910,911,912,913,914
3,301,'5267',915
3,301,'5268',916,917,918,919,920
3,301,'5270',921
4,400,'4332',922
4,400,'4480',212
4,400,'4663',923
4,400,'5264',213,216
4,400,'5266',924
4,400,'5268',925
4,401,'4332',926
4,401,'4480',221
4,401,'5264',222,223
4,401,'5266',927,928
10,1000,'4332',929,930,931
10,1000,'4480',232,234
10,1000,'5264',230,231,233
10,1000,'5265',240
10,1000,'5266',932,933,934
10,1000,'5267',935
10,1000,'5270',936
10,1001,'4332',937,938,939
10,1001,'4480',250,252
10,1001,'5264',247,248,249,251,253
10,1001,'5265',261
10,1001,'5266',940,941,942,943,944
10,1001,'5267',945
10,1001,'5270',946
14,1401,'4480',265
14,1401,'4674',270
14,1401,'4676',272
14,1401,'5264',266
14,1401,'5265',269
14,1401,'5266',947
14,1401,'5267',948
14,1401,'5270',949
15,1500,'4674',279
15,1500,'5265',277,278
15,1500,'5270',950,951
20,2000,'4332',283,952,285,286
20,2000,'4480',287,288,290
20,2000,'5264',289,291
20,2000,'5265',297,298
20,2000,'5266',953,954
20,2000,'5267',955,956
20,2000,'5270',957,958
20,2001,'4332',959,306,307,308
20,2001,'4480',309,310,312
20,2001,'5264',311,313
20,2001,'5265',319,320
20,2001,'5266',960,961
20,2001,'5267',962,963
20,2001,'5270',964,965
31,3101,'4332',327,328,329,330,331,332,333,334
31,3101,'4480',335,336,337,338,339,340,341,342,343,344,345,346,347,348
32,3201,'4332',363,364,365
32,3201,'4480',366,367,368,369,370,371,372,373,374
33,3300,'4332',384,385,386
33,3300,'4480',387,388,389,390,391,392
33,3301,'4332',399,400,401
33,3301,'4480',402,403,404,405,406,407,408
34,3400,'4332',416,417,418
34,3400,'4480',419,420,421,422,423,424,425,426,427,428,429
36,3601,'4480',441,442,443
38,3800,'4679',447,448
41,4101,'4332',966,452,453
41,4101,'4480',454,455,456,457,458,459
42,4200,'4332',466,967,468
42,4200,'4480',469,470,471,472
43,4300,'4332',477,968,969,970,481,971,972,484
43,4300,'4480',485,486,487,488,489,490,491,492,493,494,495,496
43,4300,'4663',509
43,4301,'4332',511,973,974,975,515
43,4301,'4480',516,517,518,519,520,521,522,523,524,525,526,527,528
44,4401,'4332',542,976,977,978,546
44,4401,'4480',547,548,549,550,551,552,553,554,555,556,557,558,559
44,4401,'4663',573
45,4500,'4480',575,576,577,578
46,4600,'4332',583,584,585,979,587
46,4600,'4480',588,589,590,591,592,593,594,595,596,597,598
46,4600,'4663',610
46,4601,'4332',612,613,614,980,616
46,4601,'4480',617,618,619,620,621,622,623,624,625,626,627
46,4601,'4663',639
51,5100,'4681',643,644
52,5200,'4675',647,648
52,5201,'4675',651,652
53,5300,'4663',655,656
53,5301,'4663',659,660
57,5700,'4663',663,664
58,5801,'4678',667,668
72,7200,'5267',981,982,983
72,7201,'5267',984,985,986
74,7400,'5269',987
74,7401,'5269',988
76,7600,'4673',687,688
76,7600,'4675',689
76,7600,'4678',690
76,7600,'5271',989
76,7601,'4673',697,698
76,7601,'4675',699
76,7601,'4678',700
76,7601,'5271',990
98,9800,'4332',707,991,709
98,9800,'4480',710,711,712,713,714,715,716,717
98,9800,'4663',726
98,9801,'4332',728,992,730
98,9801,'4480',731,732,733,734,735,736,737,738
98,9801,'4663',747
99,9900,'4332',993,994,995
99,9900,'4480',753,754,755,757
99,9900,'5264',752,756,758,759
99,9900,'5266',996,997,998,999
99,9901,'4332',1000,1001,1002
99,9901,'4480',772,773,774,776
99,9901,'5264',771,775,777,778
99,9901,'5266',1003,1004,1005,1006
180002,18000201,'5264',787
180002,18000201,'5266',1007
240010,24001000,'4332',1008
240010,24001000,'4480',791
240010,24001000,'5264',790,792
240010,24001000,'5266',1009,1010
240010,24001001,'4332',1011
240010,24001001,'4480',797
240043,24004300,'4480',799,800,801
240043,24004301,'4332',805,1012,1013
240043,24004301,'4480',808,809,810,811,812
240043,24004301,'4663',818
