201,'4332',835,,87,29,0,13,0,113,,78,29,0,13,0,153,,79,31,0,13,0,118,,80,29,0,13,0,116,,81,31,0,13,0,117,,82,29,0,13,0,200,,83,31,0,13,0,106,,84,29,0,13,0,80,,85,29,0,13,0,113,,86,29,0,13,0
201,'4480',709,,92,28,0,13,0,142,,88,28,0,13,0,77,,93,29,0,13,0,30,,94,29,0,13,0,142,,95,31,0,13,0,28,,96,29,0,13,0,104,,97,31,0,13,0,98,,98,29,0,13,0,106,,99,31,0,13,0,18,,100,29,0,13,0,176,,102,31,0,13,0,297,,103,29,0,13,0
201,'4661',1603,,118,29,0,13,0,104,,119,29,0,13,0,100,,120,29,0,13,0,209,,121,29,0,13,0,114,,122,29,0,13,0
201,'4663',1603,,125,29,0,13,0,104,,126,29,0,13,0,100,,127,29,0,13,0,209,,128,29,0,13,0,114,,129,29,0,13,0
201,'4674',1734,,123,29,0,13,0
201,'4676',1734,,124,29,0,13,0
1001,'4332',835,,244,43,,,0,378,,245,43,,,0,817,,246,43,,,0
1001,'4480',734,,247,43,,,0,105,,251,43,,,0,188,,248,43,,,0,505,,252,43,,,0,269,,249,43,,,0,49,,250,43,,,0,179,,253,43,,,0
1001,'4674',1351,,261,43,,,0
1001,'4676',1351,,262,43,,,0
7200,'4676',852,,672,10,4,,0,576,,671,10,4,,0,419,,673,8,4,,0
7201,'4676',712,,678,1,0,36,0,525,,677,1,,,0,469,,679,1,,,0
7601,'4682',935,,701,34,4,,0
