1001,'4614',703,,1307,13,,,0,105,,1311,13,,,0,145,,1308,13,,,0,505,,1312,13,,,0,270,,1309,13,,,0,90,,1310,13,,,0,140,,1313,13,,,0
1001,'5087',1458,,1315,13,,,0,270,,1314,13,,,0,230,,1316,13,,,0
1001,'5274',1318,,1317,13,,,0
1001,'5276',1318,,1318,13,,,0
1001,'5284',803,,1319,13,,,0,336,,1320,13,,,0,819,,1321,13,,,0
1001,'5291',1318,,1322,13,,,0
1001,'5295',1318,,1323,13,,,0
1001,'5403',703,,1324,13,,,0,105,,1327,13,,,0,145,,1325,13,,,0,865,,1326,13,,,0
1001,'5404',703,,1328,13,,,0,105,,1331,13,,,0,145,,1329,13,,,0,865,,1330,13,,,0
7601,'5281',915,,1761,17,,,0
7601,'5294',915,,1767,17,,,0
24001001,'4614',2146,,1880,12,,,0
24001001,'5087',2146,,1881,12,,,0
24001001,'5284',1633,,1882,12,,,0
