1000,'4332',1058,,929,34,,,0,500,,930,34,,,0,365,,931,34,,,0
1000,'4480',1418,,232,34,,,0,695,,234,34,,,0
1000,'5264',918,,230,34,,,0,729,,231,34,,,0,271,,233,34,,,0
1000,'5265',1238,,240,34,,,0
1000,'5266',918,,932,34,,,0,729,,933,34,,,0,271,,934,34,,,0
1000,'5267',1238,,935,34,,,0
1000,'5270',1238,,936,34,,,0
7600,'5271',1035,,989,26,,,0
24001000,'4332',732,,1008,22,,,0
24001000,'4480',1740,,791,29,,,0
24001000,'5264',634,,790,22,,,0,105,,792,22,,,0
24001000,'5266',634,,1009,22,,,0,105,,1010,22,,,0
