1000,'4614',905,,1289,18,,,0,500,,1291,18,,,0,226,,1290,18,,,0,273,,1292,18,,,0,196,,1293,18,,,0
1000,'5087',1405,,1295,18,,,0,226,,1294,18,,,0,273,,1296,18,,,0,196,,1297,18,,,0
1000,'5274',1225,,1298,18,,,0
1000,'5276',1225,,1299,18,,,0
1000,'5284',1042,,1300,18,,,0,500,,1301,18,,,0,365,,1302,18,,,0
1000,'5291',1225,,1303,18,,,0
1000,'5295',1225,,1304,18,,,0
1000,'5403',905,,1305,18,,,0
1000,'5404',905,,1306,18,,,0
7600,'5281',1020,,1749,14,,,0
7600,'5294',1020,,1755,14,,,0
24001000,'4614',620,,1870,10,,,0,105,,1872,10,,,0,998,,1871,13,,,0
24001000,'5284',718,,1873,10,,,0
24001000,'5403',620,,1874,10,,,0,105,,1876,10,,,0,998,,1875,13,,,0
24001000,'5404',620,,1877,10,,,0,105,,1879,10,,,0,998,,1878,13,,,0
