1000,'4332',1115,,929,49,4,,0,500,,930,49,4,,0,325,,931,49,4,,0
1000,'4480',1435,,232,49,4,,0,695,,234,49,4,,0
1000,'5264',935,,230,49,4,,0,769,,231,49,4,,0,231,,233,49,4,,0
1000,'5265',1255,,240,49,4,,0
1000,'5266',935,,932,49,4,,0,769,,933,49,4,,0,231,,934,49,4,,0
1000,'5267',1255,,935,49,4,,0
1000,'5270',1255,,936,49,4,,0
1001,'4332',750,,937,1,,,0,375,,938,1,,,0,820,,939,1,,,0
1001,'4480',1445,,252,1,,,0,360,,250,1,,,0
1001,'5264',650,,247,1,,,0,105,,251,1,,,0,185,,248,1,,,0,775,,249,1,,,0,230,,253,1,,,0
1001,'5265',1305,,261,1,,,0
1001,'5266',650,,940,1,,,0,105,,943,1,,,0,185,,941,1,,,0,775,,942,1,,,0,230,,944,1,,,0
1001,'5267',1305,,945,1,,,0
1001,'5270',1305,,946,1,,,0
7601,'4673',1255,,697,6,4,,0,500,,698,6,4,,0
7601,'4675',745,,699,6,4,,0
7601,'4678',935,,700,6,4,,0
7601,'5271',905,,990,6,,,0
24001000,'4332',745,,1008,36,4,,0
24001000,'4480',1757,,791,44,4,,0
24001000,'5264',647,,790,36,4,,0,105,,792,36,4,,0
24001000,'5266',647,,1009,36,4,,0,105,,1010,36,4,,0
24001001,'4332',1620,,1011,1,,,0
24001001,'4480',2135,,797,1,,,0
