2000,'4332',755,,952,47,,,0,546,,285,47,,,0,645,,283,39,,,0
2000,'4480',711,,287,46,,,0,230,,288,47,,,0,897,,290,38,,,0
2000,'5264',1305,,289,47,,,0,653,,291,38,,,0
2000,'5265',704,,297,10,,,0,120,,298,10,,,0
2000,'5266',1305,,953,47,,,0,653,,954,38,,,0
2000,'5267',704,,955,10,,,0,120,,956,10,,,0
2000,'5270',704,,957,10,,,0,120,,958,10,,,0
7401,'5269',1007,,988,41,,,0
9900,'4332',1008,,993,23,,,0,344,,994,23,,,0,479,,995,23,,,0
9900,'4480',809,,753,23,,,0,116,,754,23,,,0,181,,755,23,,,0,533,,757,23,,,0
9900,'5264',720,,752,23,,,0,608,,756,23,,,0,411,,758,23,,,0,89,,759,23,,,0
9900,'5266',720,,996,23,,,0,608,,997,23,,,0,411,,998,23,,,0,89,,999,23,,,0
