1000,'4614',857,,1289,12,,,0,500,,1291,12,,,0,265,,1290,12,,,0,235,,1292,12,,,0,196,,1293,12,,,0
1000,'5087',1357,,1295,12,,,0,265,,1294,12,,,0,235,,1296,12,,,0,196,,1297,12,,,0
1000,'5274',1217,,1298,12,,,0
1000,'5276',1217,,1299,12,,,0
1000,'5284',1034,,1300,12,,,0,499,,1301,12,,,0,326,,1302,12,,,0
1000,'5291',1217,,1303,12,,,0
1000,'5295',1217,,1304,12,,,0
1000,'5403',857,,1305,12,,,0
1000,'5404',857,,1306,12,,,0
18000201,'4614',1528,,1868,11,0,32 2 33 34,0
18000201,'5087',1528,,1869,11,0,32 2 33 34,0
