1000,'4614',928,,1289,43,,,0,500,,1291,43,,,0,228,,1290,43,,,0,271,,1292,43,,,0,196,,1293,43,,,0
1000,'5087',1428,,1295,43,,,0,228,,1294,43,,,0,271,,1296,43,,,0,196,,1297,43,,,0
1000,'5274',1248,,1298,43,,,0
1000,'5276',1248,,1299,43,,,0
1000,'5284',1107,,1300,43,,,0,500,,1301,43,,,0,325,,1302,43,,,0
1000,'5291',1248,,1303,43,,,0
1000,'5295',1248,,1304,43,,,0
1000,'5403',928,,1305,43,,,0
1000,'5404',928,,1306,43,,,0
7600,'5281',1042,,1749,34,,,0
7600,'5294',1042,,1755,34,,,0
24001000,'4614',641,,1870,30,,,0,105,,1872,30,,,0,1003,,1871,38,,,0
24001000,'5284',739,,1873,30,,,0
24001000,'5403',641,,1874,30,,,0,105,,1876,30,,,0,1003,,1875,38,,,0
24001000,'5404',641,,1877,30,,,0,105,,1879,30,,,0,1003,,1878,38,,,0
