2000,'4614',723,,1348,49,,,0,225,,1349,49,,,0,362,,1350,49,,,0,531,,1351,39,,,0,159,,1352,39,,,0
2000,'5087',723,,1353,49,,,0,225,,1354,49,,,0,893,,1355,39,,,0,159,,1356,39,,,0
2000,'5274',819,,1357,11,,,0
2000,'5276',819,,1358,11,,,0
2000,'5284',800,,1360,48,,,0,506,,1362,48,,,0,645,,1359,40,,,0
2000,'5291',819,,1363,11,,,0
2000,'5295',819,,1364,11,,,0
2000,'5403',1310,,1365,49,,,0
2000,'5404',1310,,1366,49,,,0
7401,'5278',1008,,1745,43,,,0
7401,'5292',1008,,1746,43,,,0
9900,'4614',726,,1820,24,,,0,88,,1821,24,,,0,115,,1822,24,,,0,182,,1823,24,,,0,223,,1824,24,,,0,311,,1825,24,,,0,98,,1826,24,,,0,89,,1827,24,,,0
9900,'5087',929,,1828,24,,,0,182,,1829,24,,,0,632,,1830,24,,,0
9900,'5284',1013,,1831,24,,,0,344,,1832,24,,,0,479,,1833,24,,,0
9900,'5403',726,,1834,24,,,0,88,,1835,24,,,0,520,,1836,24,,,0,311,,1837,24,,,0,187,,1838,24,,,0
9900,'5404',726,,1839,24,,,0,88,,1840,24,,,0,520,,1841,24,,,0,311,,1842,24,,,0,187,,1843,24,,,0
