100,'4614',636,,1016,3,,,0,102,,1015,3,,,0,70,,1014,3,,,0,34,,1017,10,,,0,76,,1030,3,,,0,39,,1026,3,,,0,167,,1019,10,,,0,20,,1018,10,,,0,161,,1020,3,,,0,42,,1021,10,,,0,110,,1022,10,,,0,96,,1023,10,,,0,152,,1028,10,,,0,54,,1029,10,,,0,85,,1024,10,,,0
100,'4619',1524,,1031,10,,,0,407,,1032,3,,,0,115,,1033,3,,,0,154,,1034,3,,,0,105,,1035,3,,,0
100,'4623',1524,,1036,10,,,0,407,,1037,3,,,0,115,,1038,3,,,0,154,,1039,3,,,0,105,,1040,3,,,0
100,'4931',1524,,1041,10,,,0,407,,1042,3,,,0,115,,1043,3,,,0,154,,1044,3,,,0
100,'5087',636,,1046,3,,,0,102,,1045,3,,,0,815,,1047,10,,,0,152,,1048,10,,,0,54,,1049,10,,,0
100,'5274',1027,,1050,3,,,0,27,,1051,10,,,0
100,'5276',1027,,1052,3,,,0,27,,1053,10,,,0
100,'5284',831,,1054,3,,,0,75,,1056,3,,,0,99,,1057,10,,,0,37,,1055,3,,,0,90,,1058,3,,,0,115,,1059,3,,,0,160,,1060,3,,,0,120,,1061,3,,,0,75,,1062,3,,,0,108,,1063,10,,,0,195,,1064,3,,,0
100,'5291',1027,,1065,3,,,0,27,,1066,10,,,0
100,'5295',1027,,1067,3,,,0,27,,1068,10,,,0
100,'5403',808,,1069,3,,,0,34,,1070,10,,,0,76,,1084,3,,,0,39,,1082,3,,,0,167,,1072,10,,,0,20,,1071,10,,,0,161,,1073,3,,,0,42,,1074,10,,,0,110,,1075,10,,,0,67,,1076,10,,,0,320,,1077,10,,,0,87,,1078,3,,,0,115,,1079,3,,,0,154,,1080,3,,,0
100,'5404',808,,1085,3,,,0,34,,1086,10,,,0,76,,1096,3,,,0,39,,1094,3,,,0,167,,1088,10,,,0,20,,1087,10,,,0,161,,1089,3,,,0,42,,1090,10,,,0,110,,1091,10,,,0,387,,1092,10,,,0
100,'5405',1524,,1097,10,,,0,407,,1098,3,,,0,115,,1099,3,,,0,154,,1100,3,,,0
