1001,'4614',719,,1307,28,,,0,105,,1311,28,,,0,186,,1308,28,,,0,504,,1312,28,,,0,231,,1309,28,,,0,89,,1310,28,,,0,180,,1313,28,,,0
1001,'5087',1514,,1315,28,,,0,231,,1314,28,,,0,269,,1316,28,,,0
1001,'5274',1334,,1317,28,,,0
1001,'5276',1334,,1318,28,,,0
1001,'5284',819,,1319,28,,,0,337,,1320,28,,,0,858,,1321,28,,,0
1001,'5291',1334,,1322,28,,,0
1001,'5295',1334,,1323,28,,,0
1001,'5403',719,,1324,28,,,0,105,,1327,28,,,0,186,,1325,28,,,0,824,,1326,28,,,0
1001,'5404',719,,1328,28,,,0,105,,1331,28,,,0,186,,1329,28,,,0,824,,1330,28,,,0
7601,'5281',928,,1761,27,,,0
7601,'5294',928,,1767,27,,,0
24001001,'4614',2200,,1880,22,,,0
24001001,'5087',2200,,1881,22,,,0
24001001,'5284',1650,,1882,22,,,0
