1001,'4614',727,,1307,34,,,0,105,,1311,34,,,0,187,,1308,34,,,0,503,,1312,34,,,0,231,,1309,34,,,0,89,,1310,34,,,0,179,,1313,34,,,0
1001,'5087',1522,,1315,34,,,0,231,,1314,34,,,0,268,,1316,34,,,0
1001,'5274',1342,,1317,34,,,0
1001,'5276',1342,,1318,34,,,0
1001,'5284',827,,1319,34,,,0,378,,1320,34,,,0,817,,1321,34,,,0
1001,'5291',1342,,1322,34,,,0
1001,'5295',1342,,1323,34,,,0
1001,'5403',727,,1324,34,,,0,105,,1327,34,,,0,187,,1325,34,,,0,823,,1326,34,,,0
1001,'5404',727,,1328,34,,,0,105,,1331,34,,,0,187,,1329,34,,,0,823,,1330,34,,,0
7601,'5281',933,,1761,33,,,0
7601,'5294',933,,1767,33,,,0
24001001,'4614',2205,,1880,28,,,0
24001001,'5087',2205,,1881,28,,,0
24001001,'5284',1657,,1882,28,,,0
