100,'4614',839,,1017,4,0,29,0,283,,1019,4,0,29 2 35 23,0,20,,1018,4,0,29,0,202,,1021,4,0,29,0,110,,1022,4,0,29,0,96,,1023,4,0,29,0,152,,1028,4,0,29,0,55,,1029,4,0,29,0,85,,1024,4,0,29,0
100,'4619',1521,,1031,4,0,29 2 35 23,0
100,'4623',1521,,1036,4,0,29 2 35 23,0
100,'4931',1521,,1041,4,0,29 2 35 23,0
100,'5087',1550,,1047,4,0,29,0,152,,1048,4,0,29,0,55,,1049,4,0,29,0
100,'5274',1052,,1051,4,0,29,0
100,'5276',1052,,1053,4,0,29,0
100,'5284',1002,,1057,4,0,29,0,705,,1063,4,0,29,0
100,'5291',1052,,1066,4,0,29,0
100,'5295',1052,,1068,4,0,29,0
100,'5403',839,,1070,4,0,29,0,283,,1072,4,0,29 2 35 23,0,20,,1071,4,0,29,0,202,,1074,4,0,29,0,110,,1075,4,0,29,0,67,,1076,4,0,29 2 35 23,0,321,,1077,4,0,29,0
100,'5404',839,,1086,4,0,29,0,283,,1088,4,0,29 2 35 23,0,20,,1087,4,0,29,0,202,,1090,4,0,29,0,110,,1091,4,0,29,0,388,,1092,4,0,29,0
100,'5405',1521,,1097,4,0,29 2 35 23,0
301,'4614',633,,1187,18,0,28 29,0,102,,1186,18,0,28 29,0,70,,1183,18,0,28 29,0,110,,1198,18,0,28 29,0,39,,1189,18,0,28 29,0,348,,1192,18,0,28 29,0
301,'4619',1928,,1201,18,0,28 29,0,115,,1202,18,0,28 29,0,114,,1203,18,0,28 29,0,145,,1204,18,0,28 29,0
301,'4623',1928,,1207,18,0,28 29,0,115,,1208,18,0,28 29,0,114,,1209,18,0,28 29,0,145,,1210,18,0,28 29,0
301,'4931',1928,,1213,18,0,28 29,0,115,,1214,18,0,28 29,0,114,,1215,18,0,28 29,0
301,'5087',633,,1217,18,0,28 29,0,102,,1216,18,0,28 29,0
301,'5274',1024,,1220,18,0,28 29,0
301,'5276',1024,,1221,18,0,28 29,0
301,'5284',828,,1222,18,0,28 29,0,75,,1224,18,0,28 29,0,136,,1223,18,0,28 29,0,90,,1226,18,0,28 29,0,115,,1225,18,0,28 29,0,160,,1227,18,0,28 29,0,120,,1228,18,0,28 29,0,35,,1229,18,0,28 29,0,343,,1230,18,0,28 29,0
301,'5291',1024,,1231,18,0,28 29,0
301,'5295',1024,,1232,18,0,28 29,0
301,'5403',805,,1233,18,0,28 29,0,110,,1249,18,0,28 29,0,39,,1236,18,0,28 29,0,348,,1239,18,0,28 29,0,626,,1245,18,0,28 29,0,115,,1247,18,0,28 29,0,114,,1248,18,0,28 29,0
301,'5404',805,,1250,18,0,28 29,0,110,,1261,18,0,28 29,0,39,,1253,18,0,28 29,0,348,,1256,18,0,28 29,0
301,'5405',1928,,1264,18,0,28 29,0,115,,1265,18,0,28 29,0,114,,1266,18,0,28 29,0
