100,'4332',1000,,822,2,0,29,0,705,,828,2,0,29,0
100,'4480',745,,13,2,0,29 2 35 23,0,91,,836,2,0,29,0,15,,844,2,0,23 16,0,269,,838,2,0,29 2 35 23,0,20,,837,2,0,29,0,181,,846,2,0,23 16,0,19,,840,2,0,29,0,116,,20,2,0,23 16,0,44,,841,2,0,29 2 35 23,0,48,,842,2,0,29,0,152,,847,2,0,29,0,55,,848,2,0,29,0,85,,843,2,0,29,0
100,'4661',1515,,853,2,0,29 2 35 23,0
100,'4663',1515,,830,2,0,29 2 35 23,0
100,'4674',720,,857,2,0,29,0,333,,859,2,0,29,0
100,'4676',720,,850,2,0,29,0,333,,852,2,0,29,0
301,'4332',815,,889,2,0,28 29,0,35,,891,2,0,28 29,0,176,,890,2,0,28 29,0,90,,892,2,0,28 29,0,115,,893,2,0,28 29,0,120,,894,2,0,28 29,0,160,,895,2,0,28 29,0,35,,896,2,0,28 29,0,303,,897,2,0,28 29,0
301,'4480',721,,156,2,0,30,0,15,,906,2,0,5 6 16,0,15,,904,2,0,28 29,0,50,,905,2,0,30,0,40,,158,2,0,30,0,60,,914,2,0,28 29,0,40,,907,2,0,28 29,0,100,,908,2,0,30,0,100,,909,2,0,30,0,105,,910,2,0,28 29,0,100,,163,2,0,30,0,90,,164,2,0,30,0,100,,912,2,0,30,0,112,,913,2,0,30,0,168,,911,2,0,30,0
301,'4661',1621,,916,2,0,30,0,100,,917,2,0,30,0,194,,918,2,0,28 29,0,115,,919,2,0,28 29,0,115,,920,2,0,28 29,0
301,'4663',1621,,898,2,0,30,0,100,,899,2,0,30,0,194,,900,2,0,28 29,0,115,,901,2,0,28 29,0,115,,902,2,0,28 29,0,105,,903,2,0,28 29,0
301,'4674',1011,,921,2,0,28 29,0
301,'4676',1011,,915,2,0,28 29,0
1500,'4674',840,,950,2,,,0,565,,951,2,,,0,245,,279,2,,,0
7201,'4676',720,,985,5,0,36,0,526,,984,5,,,0,470,,986,5,,,0
