201,'4614',635,,1104,22,,,0,68,,1105,22,,,0,113,,1103,22,,,0,28,,1101,22,,,0,77,,1106,23,,,0,29,,1107,23,,,0,103,,1108,25,,,0,68,,1109,23,,,0,106,,1110,25,,,0,96,,1111,23,,,0,106,,1112,25,,,0,19,,1113,23,,,0,176,,1115,25,,,0,296,,1116,23,,,0
201,'4619',1557,,1117,23,,,0,145,,1118,23,,,0,98,,1119,23,,,0,208,,1120,23,,,0,115,,1121,23,,,0,113,,1122,22,,,0
201,'4623',1557,,1123,23,,,0,145,,1124,23,,,0,98,,1125,23,,,0,208,,1126,23,,,0,115,,1127,23,,,0,113,,1128,22,,,0
201,'4931',1557,,1129,23,,,0,145,,1130,23,,,0,98,,1131,23,,,0,208,,1132,23,,,0,115,,1133,23,,,0
201,'5087',703,,1135,22,,,0,113,,1134,22,,,0,105,,1136,23,,,0
201,'5274',1728,,1137,23,,,0
201,'5276',1728,,1138,23,,,0
201,'5284',829,,1148,23,,,0,112,,1139,23,,,0,113,,1140,25,,,0,158,,1141,23,,,0,116,,1142,25,,,0,117,,1143,23,,,0,200,,1144,25,,,0,106,,1145,23,,,0,80,,1146,23,,,0,113,,1147,23,,,0
201,'5291',1728,,1149,23,,,0
201,'5295',1728,,1150,23,,,0
201,'5403',635,,1152,22,,,0,209,,1151,22,,,0,106,,1153,23,,,0,103,,1154,25,,,0,68,,1155,23,,,0,106,,1156,25,,,0,96,,1157,23,,,0,106,,1158,25,,,0,19,,1159,23,,,0,109,,1160,23,,,0,67,,1163,25,,,0,78,,1161,23,,,0,98,,1162,23,,,0,120,,1164,23,,,0,88,,1165,23,,,0,115,,1166,23,,,0
201,'5404',635,,1168,22,,,0,209,,1167,22,,,0,106,,1169,23,,,0,103,,1170,25,,,0,68,,1171,23,,,0,106,,1172,25,,,0,96,,1173,23,,,0,106,,1174,25,,,0,19,,1175,23,,,0,176,,1176,25,,,0,296,,1177,23,,,0
201,'5405',1557,,1178,23,,,0,145,,1179,23,,,0,98,,1180,23,,,0,208,,1181,23,,,0,115,,1182,23,,,0
1001,'4614',728,,1307,37,,,0,105,,1311,37,,,0,187,,1308,37,,,0,503,,1312,37,,,0,231,,1309,37,,,0,89,,1310,37,,,0,179,,1313,37,,,0
1001,'5087',1523,,1315,37,,,0,231,,1314,37,,,0,268,,1316,37,,,0
1001,'5274',1343,,1317,37,,,0
1001,'5276',1343,,1318,37,,,0
1001,'5284',828,,1319,37,,,0,378,,1320,37,,,0,817,,1321,37,,,0
1001,'5291',1343,,1322,37,,,0
1001,'5295',1343,,1323,37,,,0
1001,'5403',728,,1324,37,,,0,105,,1327,37,,,0,187,,1325,37,,,0,823,,1326,37,,,0
1001,'5404',728,,1328,37,,,0,105,,1331,37,,,0,187,,1329,37,,,0,823,,1330,37,,,0
