100,'4614',640,,1016,12,,,0,102,,1015,12,,,0,70,,1014,12,,,0,34,,1017,19,,,0,76,,1030,12,,,0,79,,1026,12,,,0,127,,1019,19,,,0,20,,1018,19,,,0,161,,1020,12,,,0,42,,1021,19,,,0,150,,1022,19,,,0,56,,1023,19,,,0,152,,1028,19,,,0,94,,1029,19,,,0,45,,1024,19,,,0
100,'4619',1528,,1031,19,,,0,407,,1032,12,,,0,115,,1033,12,,,0,154,,1034,12,,,0,105,,1035,12,,,0
100,'4623',1528,,1036,19,,,0,407,,1037,12,,,0,115,,1038,12,,,0,154,,1039,12,,,0,105,,1040,12,,,0
100,'4931',1528,,1041,19,,,0,407,,1042,12,,,0,115,,1043,12,,,0,154,,1044,12,,,0
100,'5087',640,,1046,12,,,0,102,,1045,12,,,0,815,,1047,19,,,0,152,,1048,19,,,0,94,,1049,19,,,0
100,'5274',1031,,1050,12,,,0,27,,1051,19,,,0
100,'5276',1031,,1052,12,,,0,27,,1053,19,,,0
100,'5284',835,,1054,12,,,0,75,,1056,12,,,0,99,,1057,19,,,0,37,,1055,12,,,0,90,,1058,12,,,0,115,,1059,12,,,0,160,,1060,12,,,0,120,,1061,12,,,0,75,,1062,12,,,0,108,,1063,19,,,0,195,,1064,12,,,0
100,'5291',1031,,1065,12,,,0,27,,1066,19,,,0
100,'5295',1031,,1067,12,,,0,27,,1068,19,,,0
100,'5403',812,,1069,12,,,0,34,,1070,19,,,0,76,,1084,12,,,0,79,,1082,12,,,0,127,,1072,19,,,0,20,,1071,19,,,0,161,,1073,12,,,0,42,,1074,19,,,0,150,,1075,19,,,0,27,,1076,19,,,0,320,,1077,19,,,0,87,,1078,12,,,0,115,,1079,12,,,0,154,,1080,12,,,0
100,'5404',812,,1085,12,,,0,34,,1086,19,,,0,76,,1096,12,,,0,79,,1094,12,,,0,127,,1088,19,,,0,20,,1087,19,,,0,161,,1089,12,,,0,42,,1090,19,,,0,150,,1091,19,,,0,347,,1092,19,,,0
100,'5405',1528,,1097,19,,,0,407,,1098,12,,,0,115,,1099,12,,,0,154,,1100,12,,,0
