201,'4614',627,,1104,9,0,32,0,26,,1105,9,0,32,0,152,,1103,9,0,32,0,25,,1102,6,4,,0,4,,1101,9,0,32,0,77,,1106,10,0,32,0,30,,1107,10,0,32,0,99,,1108,10,0,32,0,71,,1109,10,0,32,0,103,,1110,10,0,32,0,99,,1111,10,0,32,0,103,,1112,10,0,32,0,22,,1113,10,0,32,0,174,,1115,10,0,32,0,299,,1116,10,0,32,0
201,'4619',1547,,1117,10,0,32,0,105,,1118,10,0,32,0,99,,1119,10,0,32,0,249,,1120,10,0,32,0,115,,1121,10,0,32,0,113,,1122,9,0,32,0
201,'4623',1547,,1123,10,0,32,0,105,,1124,10,0,32,0,99,,1125,10,0,32,0,249,,1126,10,0,32,0,115,,1127,10,0,32,0,113,,1128,9,0,32,0
201,'4931',1547,,1129,10,0,32,0,105,,1130,10,0,32,0,99,,1131,10,0,32,0,249,,1132,10,0,32,0,115,,1133,10,0,32,0
201,'5087',653,,1135,9,0,32,0,152,,1134,9,0,32,0,106,,1136,10,0,32,0
201,'5274',1719,,1137,10,0,32,0
201,'5276',1719,,1138,10,0,32,0
201,'5284',821,,1148,10,0,32,0,110,,1139,10,0,32,0,110,,1140,10,0,32,0,161,,1141,10,0,32,0,113,,1142,10,0,32,0,120,,1143,10,0,32,0,197,,1144,10,0,32,0,109,,1145,10,0,32,0,80,,1146,10,0,32,0,115,,1147,10,0,32,0
201,'5291',1719,,1149,10,0,32,0
201,'5295',1719,,1150,10,0,32,0
201,'5403',627,,1152,9,0,32,0,207,,1151,9,0,32,0,107,,1153,10,0,32,0,99,,1154,10,0,32,0,71,,1155,10,0,32,0,103,,1156,10,0,32,0,99,,1157,10,0,32,0,103,,1158,10,0,32,0,22,,1159,10,0,32,0,109,,1160,10,0,32,0,65,,1163,10,0,32,0,40,,1161,10,0,32,0,99,,1162,10,0,32,0,160,,1164,10,0,32,0,89,,1165,10,0,32,0,115,,1166,10,0,32,0
201,'5404',627,,1168,9,0,32,0,207,,1167,9,0,32,0,107,,1169,10,0,32,0,99,,1170,10,0,32,0,71,,1171,10,0,32,0,103,,1172,10,0,32,0,99,,1173,10,0,32,0,103,,1174,10,0,32,0,22,,1175,10,0,32,0,174,,1176,10,0,32,0,299,,1177,10,0,32,0
201,'5405',1547,,1178,10,0,32,0,105,,1179,10,0,32,0,99,,1180,10,0,32,0,249,,1181,10,0,32,0,115,,1182,10,0,32,0
