1001,'4614',716,,1307,26,,,0,105,,1311,26,,,0,186,,1308,26,,,0,504,,1312,26,,,0,231,,1309,26,,,0,89,,1310,26,,,0,180,,1313,26,,,0
1001,'5087',1511,,1315,26,,,0,231,,1314,26,,,0,269,,1316,26,,,0
1001,'5274',1331,,1317,26,,,0
1001,'5276',1331,,1318,26,,,0
1001,'5284',816,,1319,26,,,0,337,,1320,26,,,0,858,,1321,26,,,0
1001,'5291',1331,,1322,26,,,0
1001,'5295',1331,,1323,26,,,0
1001,'5403',716,,1324,26,,,0,105,,1327,26,,,0,186,,1325,26,,,0,824,,1326,26,,,0
1001,'5404',716,,1328,26,,,0,105,,1331,26,,,0,186,,1329,26,,,0,824,,1330,26,,,0
7601,'5281',926,,1761,25,,,0
7601,'5294',926,,1767,25,,,0
24001001,'4614',2157,,1880,20,,,0
24001001,'5087',2157,,1881,20,,,0
24001001,'5284',1647,,1882,20,,,0
