1000,'4614',856,,1289,10,,,0,500,,1291,10,,,0,265,,1290,10,,,0,235,,1292,10,,,0,196,,1293,10,,,0
1000,'5087',1356,,1295,10,,,0,265,,1294,10,,,0,235,,1296,10,,,0,196,,1297,10,,,0
1000,'5274',1216,,1298,10,,,0
1000,'5276',1216,,1299,10,,,0
1000,'5284',1033,,1300,10,,,0,499,,1301,10,,,0,326,,1302,10,,,0
1000,'5291',1216,,1303,10,,,0
1000,'5295',1216,,1304,10,,,0
1000,'5403',856,,1305,10,,,0
1000,'5404',856,,1306,10,,,0
18000201,'4614',1526,,1868,9,0,32 2 33 34,0
18000201,'5087',1526,,1869,9,0,32 2 33 34,0
