4101,'4614',755,,1508,11,,,0,92,,1510,11,,,0,384,,1511,11,,,0,215,,1509,11,,,0,166,,1512,11,,,0,143,,1513,11,,,0
4101,'5087',755,,1514,11,,,0,92,,1516,11,,,0,384,,1517,11,,,0,215,,1515,11,,,0,166,,1518,11,,,0,143,,1519,11,,,0
4101,'5284',902,,1522,11,,,0,347,,1520,11,,,0,388,,1521,11,,,0
4301,'4614',647,,1568,21,,,0,92,,1566,25,,,0,90,,1575,30,,,0,115,,1569,22,,,0,184,,1571,37,,,0,28,,1570,22,,,0,190,,1565,37,,,0,111,,1576,25,,,0,65,,1567,34,,,0,131,,1573,37,,,0,197,,1572,34,,,0,162,,1574,37,,,0
4301,'5087',647,,1580,21,,,0,92,,1578,25,,,0,86,,1587,25,,,0,119,,1581,22,,,0,184,,1583,37,,,0,28,,1582,22,,,0,190,,1577,37,,,0,111,,1588,25,,,0,65,,1579,34,,,0,131,,1585,37,,,0,197,,1584,34,,,0,162,,1586,37,,,0
4301,'5284',845,,1593,37,,,0,181,,1592,37,,,0,202,,1589,37,,,0,121,,1590,25,,,0,191,,1591,37,,,0
4401,'4614',554,,1602,36,,,0,169,,1594,26,,,0,30,,1605,26,,,0,82,,1596,26,,,0,171,,1597,9,0,22 23 16,0,136,,1598,26,,,0,73,,1604,9,0,22 23 16,0,205,,1595,26,,,0,114,,1601,26,,,0,172,,1599,9,0,22 23 16,0,30,,1600,26,,,0,88,,1603,26,,,0
4401,'4619',2005,,1606,9,0,22 23 16,0
4401,'4623',2005,,1607,9,0,22 23 16,0
4401,'5087',554,,1616,36,,,0,169,,1608,26,,,0,30,,1619,26,,,0,82,,1610,26,,,0,171,,1611,9,0,22 23 16,0,136,,1612,26,,,0,73,,1618,9,0,22 23 16,0,205,,1609,26,,,0,114,,1615,26,,,0,172,,1613,9,0,22 23 16,0,30,,1614,26,,,0,88,,1617,26,,,0
4401,'5284',845,,1622,26,,,0,196,,1624,26,,,0,179,,1623,26,,,0,320,,1620,26,,,0,167,,1621,26,,,0
4500,'4614',619,,1626,14,,,0,27,,1627,20,,,0,8,,1628,14,,,0,876,,1625,14,,,0
4500,'5087',619,,1630,14,,,0,27,,1631,20,,,0,8,,1632,14,,,0,876,,1629,14,,,0
4600,'4614',818,,1638,18,,,0,120,,1633,18,0,11,0,118,,1637,23,0,11,0,103,,1641,18,0,11,0,183,,1640,23,0,11,0,109,,1634,18,0,11,0,77,,1635,18,0,11,0,119,,1636,23,0,11,0,162,,1639,18,0,11,0,142,,1642,18,0,11,0
4600,'4619',2117,,1643,18,0,11,0
4600,'4623',2117,,1644,18,0,11,0
4600,'5087',818,,1650,18,0,11,0,120,,1645,18,0,11,0,118,,1649,23,0,11,0,103,,1653,18,0,11,0,183,,1652,23,0,11,0,109,,1646,18,0,11,0,77,,1647,18,0,11,0,119,,1648,23,0,11,0,162,,1651,18,0,11,0,142,,1654,18,0,11,0
4600,'5284',845,,1659,23,0,11,0,308,,1658,23,0,11,0,357,,1655,23,0,11,0,195,,1656,23,0,11,0
9801,'4614',548,,1801,7,0,11,0,109,,1800,7,0,11,0,68,,1797,20,0,11,0,95,,1793,23,0,7 8 2 11 2 10,0,119,,1798,23,0,7 8 2 11 2 10,0,174,,1796,20,0,11,0,228,,1792,23,0,7 8 2 11 2 10,0,159,,1802,7,0,11,0,149,,1794,20,0,11,0,99,,1799,20,0,11,0,88,,1795,20,0,11,0
9801,'4619',1949,,1803,20,0,11,0
9801,'4623',1949,,1804,20,0,11,0
9801,'5087',548,,1814,7,0,11,0,109,,1813,7,0,11,0,68,,1810,20,0,11,0,95,,1806,23,0,7 8 2 11 2 10,0,119,,1811,23,0,7 8 2 11 2 10,0,174,,1809,20,0,11,0,228,,1805,23,0,7 8 2 11 2 10,0,159,,1815,7,0,11,0,149,,1807,20,0,11,0,99,,1812,20,0,11,0,88,,1808,20,0,11,0
9801,'5284',744,,1819,7,0,11,0,269,,1818,20,0,11,0,344,,1816,20,0,11,0,478,,1817,20,0,11,0
24004301,'4614',629,,1896,18,,,0,96,,1893,18,,,0,80,,1894,22,,,0,129,,1895,18,,,0,767,,1892,18,,,0
24004301,'4619',2220,,1897,14,,,0
24004301,'4623',2220,,1898,14,,,0
24004301,'5087',629,,1903,18,,,0,96,,1900,18,,,0,76,,1901,18,,,0,133,,1902,18,,,0,767,,1899,18,,,0
24004301,'5284',1709,,1905,18,,,0,126,,1904,18,,,0,167,,1906,18,,,0
