1000,'4614',912,,1289,24,,,0,500,,1291,24,,,0,227,,1290,24,,,0,272,,1292,24,,,0,196,,1293,24,,,0
1000,'5087',1412,,1295,24,,,0,227,,1294,24,,,0,272,,1296,24,,,0,196,,1297,24,,,0
1000,'5274',1232,,1298,24,,,0
1000,'5276',1232,,1299,24,,,0
1000,'5284',1050,,1300,24,,,0,500,,1301,24,,,0,365,,1302,24,,,0
1000,'5291',1232,,1303,24,,,0
1000,'5295',1232,,1304,24,,,0
1000,'5403',912,,1305,24,,,0
1000,'5404',912,,1306,24,,,0
24001000,'4614',1731,,1871,19,,,0
24001000,'5403',1731,,1875,19,,,0
24001000,'5404',1731,,1878,19,,,0
