5100,'4619',1101,,1690,2,,,0,200,,1689,2,,,0
5100,'4623',1101,,1692,2,,,0,200,,1691,2,,,0
5100,'5286',1331,,1693,2,,,0,185,,1694,2,,,0
5100,'5296',1331,,1695,2,,,0,185,,1696,2,,,0
5100,'5299',1316,,1697,2,,,0,200,,1698,2,,,0
5100,'5403',1316,,1699,2,,,0,200,,1700,2,,,0
5100,'5406',1316,,1701,2,,,0,200,,1702,2,,,0
5200,'5286',955,,1703,7,4,,0,360,,1705,7,4,,0,585,,1704,7,4,,0
5200,'5296',955,,1706,7,4,,0,360,,1708,7,4,,0,585,,1707,7,4,,0
5201,'5286',705,,1709,1,,,0,320,,1711,1,,,0,590,,1710,1,,,0
5201,'5296',705,,1712,1,,,0,320,,1714,1,,,0,590,,1713,1,,,0
5300,'4619',1040,,1715,6,4,,0,600,,1716,6,4,,0
5300,'4623',1040,,1717,6,4,,0,600,,1718,6,4,,0
5301,'4619',745,,1719,1,,,0,600,,1720,1,,,0
5301,'4623',745,,1721,1,,,0,600,,1722,1,,,0
7400,'5278',1842,,1743,43,4,,0
7400,'5292',1842,,1744,43,4,,0
7401,'5278',750,,1745,1,,,0
7401,'5292',750,,1746,1,,,0
