1001,'4614',709,,1307,18,,,0,105,,1311,18,,,0,145,,1308,18,,,0,545,,1312,18,,,0,230,,1309,18,,,0,90,,1310,18,,,0,180,,1313,18,,,0
1001,'5087',1504,,1315,18,,,0,230,,1314,18,,,0,270,,1316,18,,,0
1001,'5274',1324,,1317,18,,,0
1001,'5276',1324,,1318,18,,,0
1001,'5284',809,,1319,18,,,0,336,,1320,18,,,0,859,,1321,18,,,0
1001,'5291',1324,,1322,18,,,0
1001,'5295',1324,,1323,18,,,0
1001,'5403',709,,1324,18,,,0,105,,1327,18,,,0,145,,1325,18,,,0,865,,1326,18,,,0
1001,'5404',709,,1328,18,,,0,105,,1331,18,,,0,145,,1329,18,,,0,865,,1330,18,,,0
7601,'5281',920,,1761,20,,,0
7601,'5294',920,,1767,20,,,0
24001001,'4614',2151,,1880,15,,,0
24001001,'5087',2151,,1881,15,,,0
24001001,'5284',1640,,1882,15,,,0
