100,'4614',640,,1016,13,,,0,103,,1015,13,,,0,70,,1014,13,,,0,34,,1017,20,,,0,76,,1030,13,,,0,79,,1026,13,,,0,127,,1019,20,,,0,20,,1018,20,,,0,161,,1020,13,,,0,42,,1021,20,,,0,150,,1022,20,,,0,56,,1023,20,,,0,152,,1028,20,,,0,94,,1029,20,,,0,45,,1024,20,,,0
100,'4619',1529,,1031,20,,,0,406,,1032,13,,,0,115,,1033,13,,,0,154,,1034,13,,,0,105,,1035,13,,,0
100,'4623',1529,,1036,20,,,0,406,,1037,13,,,0,115,,1038,13,,,0,154,,1039,13,,,0,105,,1040,13,,,0
100,'4931',1529,,1041,20,,,0,406,,1042,13,,,0,115,,1043,13,,,0,154,,1044,13,,,0
100,'5087',640,,1046,13,,,0,103,,1045,13,,,0,815,,1047,20,,,0,152,,1048,20,,,0,94,,1049,20,,,0
100,'5274',1032,,1050,13,,,0,27,,1051,20,,,0
100,'5276',1032,,1052,13,,,0,27,,1053,20,,,0
100,'5284',835,,1054,13,,,0,75,,1056,13,,,0,99,,1057,20,,,0,37,,1055,13,,,0,90,,1058,13,,,0,115,,1059,13,,,0,160,,1060,13,,,0,120,,1061,13,,,0,75,,1062,13,,,0,108,,1063,20,,,0,195,,1064,13,,,0
100,'5291',1032,,1065,13,,,0,27,,1066,20,,,0
100,'5295',1032,,1067,13,,,0,27,,1068,20,,,0
100,'5403',813,,1069,13,,,0,34,,1070,20,,,0,76,,1084,13,,,0,79,,1082,13,,,0,127,,1072,20,,,0,20,,1071,20,,,0,161,,1073,13,,,0,42,,1074,20,,,0,150,,1075,20,,,0,27,,1076,20,,,0,320,,1077,20,,,0,86,,1078,13,,,0,115,,1079,13,,,0,154,,1080,13,,,0
100,'5404',813,,1085,13,,,0,34,,1086,20,,,0,76,,1096,13,,,0,79,,1094,13,,,0,127,,1088,20,,,0,20,,1087,20,,,0,161,,1089,13,,,0,42,,1090,20,,,0,150,,1091,20,,,0,347,,1092,20,,,0
100,'5405',1529,,1097,20,,,0,406,,1098,13,,,0,115,,1099,13,,,0,154,,1100,13,,,0
