1000,'4332',1056,,929,32,,,0,500,,930,32,,,0,365,,931,32,,,0
1000,'4480',1416,,232,32,,,0,695,,234,32,,,0
1000,'5264',916,,230,32,,,0,729,,231,32,,,0,271,,233,32,,,0
1000,'5265',1236,,240,32,,,0
1000,'5266',916,,932,32,,,0,729,,933,32,,,0,271,,934,32,,,0
1000,'5267',1236,,935,32,,,0
1000,'5270',1236,,936,32,,,0
7600,'5271',1032,,989,24,,,0
24001000,'4332',730,,1008,20,,,0
24001000,'4480',1738,,791,27,,,0
24001000,'5264',632,,790,20,,,0,105,,792,20,,,0
24001000,'5266',632,,1009,20,,,0,105,,1010,20,,,0
