1001,'4614',724,,1307,32,,,0,105,,1311,32,,,0,187,,1308,32,,,0,503,,1312,32,,,0,231,,1309,32,,,0,89,,1310,32,,,0,180,,1313,32,,,0
1001,'5087',1519,,1315,32,,,0,231,,1314,32,,,0,269,,1316,32,,,0
1001,'5274',1339,,1317,32,,,0
1001,'5276',1339,,1318,32,,,0
1001,'5284',824,,1319,32,,,0,378,,1320,32,,,0,817,,1321,32,,,0
1001,'5291',1339,,1322,32,,,0
1001,'5295',1339,,1323,32,,,0
1001,'5403',724,,1324,32,,,0,105,,1327,32,,,0,187,,1325,32,,,0,823,,1326,32,,,0
1001,'5404',724,,1328,32,,,0,105,,1331,32,,,0,187,,1329,32,,,0,823,,1330,32,,,0
7601,'5281',931,,1761,31,,,0
7601,'5294',931,,1767,31,,,0
24001001,'4614',2203,,1880,26,,,0
24001001,'5087',2203,,1881,26,,,0
24001001,'5284',1654,,1882,26,,,0
