201,'4614',633,,1104,18,,,0,68,,1105,18,,,0,113,,1103,18,,,0,28,,1101,18,,,0,77,,1106,19,,,0,29,,1107,19,,,0,103,,1108,21,,,0,68,,1109,19,,,0,106,,1110,21,,,0,96,,1111,19,,,0,106,,1112,21,,,0,19,,1113,19,,,0,176,,1115,21,,,0,296,,1116,19,,,0
201,'4619',1555,,1117,19,,,0,145,,1118,19,,,0,58,,1119,19,,,0,248,,1120,19,,,0,115,,1121,19,,,0,113,,1122,18,,,0
201,'4623',1555,,1123,19,,,0,145,,1124,19,,,0,58,,1125,19,,,0,248,,1126,19,,,0,115,,1127,19,,,0,113,,1128,18,,,0
201,'4931',1555,,1129,19,,,0,145,,1130,19,,,0,58,,1131,19,,,0,248,,1132,19,,,0,115,,1133,19,,,0
201,'5087',701,,1135,18,,,0,113,,1134,18,,,0,105,,1136,19,,,0
201,'5274',1726,,1137,19,,,0
201,'5276',1726,,1138,19,,,0
201,'5284',827,,1148,19,,,0,112,,1139,19,,,0,113,,1140,21,,,0,158,,1141,19,,,0,116,,1142,21,,,0,117,,1143,19,,,0,200,,1144,21,,,0,106,,1145,19,,,0,80,,1146,19,,,0,113,,1147,19,,,0
201,'5291',1726,,1149,19,,,0
201,'5295',1726,,1150,19,,,0
201,'5403',633,,1152,18,,,0,209,,1151,18,,,0,106,,1153,19,,,0,103,,1154,21,,,0,68,,1155,19,,,0,106,,1156,21,,,0,96,,1157,19,,,0,106,,1158,21,,,0,19,,1159,19,,,0,109,,1160,19,,,0,67,,1163,21,,,0,78,,1161,19,,,0,58,,1162,19,,,0,160,,1164,19,,,0,88,,1165,19,,,0,115,,1166,19,,,0
201,'5404',633,,1168,18,,,0,209,,1167,18,,,0,106,,1169,19,,,0,103,,1170,21,,,0,68,,1171,19,,,0,106,,1172,21,,,0,96,,1173,19,,,0,106,,1174,21,,,0,19,,1175,19,,,0,176,,1176,21,,,0,296,,1177,19,,,0
201,'5405',1555,,1178,19,,,0,145,,1179,19,,,0,58,,1180,19,,,0,248,,1181,19,,,0,115,,1182,19,,,0
