3300,'4614',830,,1448,1,,,0,28,,1447,1,,,0,272,,1446,1,,,0,289,,1445,1,,,0,191,,1443,1,,,0,20,,1444,1,,,0
3300,'5087',830,,1454,1,,,0,28,,1453,1,,,0,272,,1452,1,,,0,289,,1451,1,,,0,191,,1449,1,,,0,20,,1450,1,,,0
3300,'5284',1122,,1455,1,,,0,325,,1456,1,,,0,158,,1457,1,,,0
3301,'4614',734,,1464,3,4,,0,803,,1459,3,4,,0
3301,'5087',734,,1471,3,4,,0,803,,1466,3,4,,0
3601,'4614',740,,1500,1,,,0,798,,1498,1,0,5 6,0,68,,1498,20,4,,0
3601,'5087',740,,1503,1,,,0,798,,1501,1,0,5 6,0,68,,1501,20,4,,0
9900,'4614',648,,1820,1,,,0,88,,1821,1,,,0,117,,1822,1,,,0,181,,1823,1,,,0,222,,1824,1,,,0,352,,1825,1,,,0,99,,1826,1,,,0,49,,1827,1,,,0
9900,'5087',853,,1828,1,,,0,181,,1829,1,,,0,673,,1830,1,,,0
9900,'5284',936,,1831,1,,,0,384,,1832,1,,,0,439,,1833,1,,,0
9900,'5403',648,,1834,1,,,0,88,,1835,1,,,0,520,,1836,1,,,0,352,,1837,1,,,0,148,,1838,1,,,0
9900,'5404',648,,1839,1,,,0,88,,1840,1,,,0,520,,1841,1,,,0,352,,1842,1,,,0,148,,1843,1,,,0
9901,'4614',639,,1844,29,4,,0,91,,1845,29,4,,0,115,,1846,29,4,,0,181,,1847,29,4,,0,222,,1848,29,4,,0,310,,1849,29,4,,0,142,,1850,29,4,,0,48,,1851,29,4,,0
9901,'5087',845,,1852,29,4,,0,181,,1853,29,4,,0,674,,1854,29,4,,0
9901,'5284',927,,1855,29,4,,0,384,,1856,29,4,,0,436,,1857,29,4,,0
9901,'5403',639,,1858,29,4,,0,91,,1859,29,4,,0,518,,1860,29,4,,0,310,,1861,29,4,,0,190,,1862,29,4,,0
9901,'5404',639,,1863,29,4,,0,91,,1864,29,4,,0,518,,1865,29,4,,0,310,,1866,29,4,,0,190,,1867,29,4,,0
