301,'4614',625,,1187,10,0,28 29,0,102,,1186,10,0,28 29,0,29,,1183,10,0,28 29,0,51,,1184,10,0,30,0,39,,1188,10,0,30,0,60,,1198,10,0,28 29,0,40,,1189,10,0,28 29,0,100,,1190,10,0,30,0,100,,1191,10,0,30,0,108,,1192,10,0,28 29,0,95,,1193,10,0,30,0,89,,1194,10,0,30,0,104,,1196,10,0,30,0,111,,1197,10,0,30,0,168,,1195,10,0,30,0
301,'4619',1626,,1199,10,0,30,0,101,,1200,10,0,30,0,193,,1201,10,0,28 29,0,115,,1202,10,0,28 29,0,115,,1203,10,0,28 29,0,105,,1204,10,0,28 29,0
301,'4623',1626,,1205,10,0,30,0,101,,1206,10,0,30,0,193,,1207,10,0,28 29,0,115,,1208,10,0,28 29,0,115,,1209,10,0,28 29,0,105,,1210,10,0,28 29,0
301,'4931',1626,,1211,10,0,30,0,101,,1212,10,0,30,0,193,,1213,10,0,28 29,0,115,,1214,10,0,28 29,0,115,,1215,10,0,28 29,0
301,'5087',625,,1217,10,0,28 29,0,102,,1216,10,0,28 29,0,119,,1218,10,0,30,0,975,,1219,10,0,30,0
301,'5274',1016,,1220,10,0,28 29,0
301,'5276',1016,,1221,10,0,28 29,0
301,'5284',820,,1222,10,0,28 29,0,35,,1224,10,0,28 29,0,176,,1223,10,0,28 29,0,90,,1226,10,0,28 29,0,115,,1225,10,0,28 29,0,120,,1227,10,0,28 29,0,160,,1228,10,0,28 29,0,35,,1229,10,0,28 29,0,303,,1230,10,0,28 29,0
301,'5291',1016,,1231,10,0,28 29,0
301,'5295',1016,,1232,10,0,28 29,0
301,'5403',756,,1233,10,0,28 29,0,51,,1234,10,0,30,0,99,,1249,10,0,28 29,0,40,,1236,10,0,28 29,0,100,,1237,10,0,30,0,100,,1238,10,0,30,0,108,,1239,10,0,28 29,0,95,,1240,10,0,30,0,89,,1241,10,0,30,0,104,,1244,10,0,30,0,84,,1242,10,0,30,0,27,,1246,10,0,30,0,74,,1243,10,0,30,0,193,,1245,10,0,28 29,0,115,,1247,10,0,28 29,0,115,,1248,10,0,28 29,0
301,'5404',756,,1250,10,0,28 29,0,51,,1251,10,0,30,0,99,,1261,10,0,28 29,0,40,,1253,10,0,28 29,0,100,,1254,10,0,30,0,100,,1255,10,0,30,0,108,,1256,10,0,28 29,0,95,,1257,10,0,30,0,89,,1258,10,0,30,0,104,,1259,10,0,30,0,111,,1260,10,0,30,0
301,'5405',1626,,1262,10,0,30,0,101,,1263,10,0,30,0,193,,1264,10,0,28 29,0,115,,1265,10,0,28 29,0,115,,1266,10,0,28 29,0
