2000,'4332',748,,952,43,,,0,506,,285,43,,,0,685,,283,35,,,0
2000,'4480',706,,287,42,,,0,228,,288,43,,,0,899,,290,34,,,0
2000,'5264',1258,,289,43,,,0,695,,291,34,,,0
2000,'5265',657,,297,6,,,0,160,,298,6,,,0
2000,'5266',1258,,953,43,,,0,695,,954,34,,,0
2000,'5267',657,,955,6,,,0,160,,956,6,,,0
2000,'5270',657,,957,6,,,0,160,,958,6,,,0
7401,'5269',1001,,988,37,,,0
9900,'4332',1003,,993,19,,,0,344,,994,19,,,0,479,,995,19,,,0
9900,'4480',804,,753,19,,,0,116,,754,19,,,0,181,,755,19,,,0,533,,757,19,,,0
9900,'5264',715,,752,19,,,0,608,,756,19,,,0,411,,758,19,,,0,89,,759,19,,,0
9900,'5266',715,,996,19,,,0,608,,997,19,,,0,411,,998,19,,,0,89,,999,19,,,0
