100,'4614',636,,1016,2,,,0,102,,1015,2,,,0,70,,1014,2,,,0,34,,1017,9,,,0,76,,1030,2,,,0,39,,1026,2,,,0,167,,1019,9,,,0,20,,1018,9,,,0,161,,1020,2,,,0,42,,1021,9,,,0,110,,1022,9,,,0,96,,1023,9,,,0,152,,1028,9,,,0,54,,1029,9,,,0,85,,1024,9,,,0
100,'4619',1524,,1031,9,,,0,407,,1032,2,,,0,115,,1033,2,,,0,154,,1034,2,,,0,105,,1035,2,,,0
100,'4623',1524,,1036,9,,,0,407,,1037,2,,,0,115,,1038,2,,,0,154,,1039,2,,,0,105,,1040,2,,,0
100,'4931',1524,,1041,9,,,0,407,,1042,2,,,0,115,,1043,2,,,0,154,,1044,2,,,0
100,'5087',636,,1046,2,,,0,102,,1045,2,,,0,815,,1047,9,,,0,152,,1048,9,,,0,54,,1049,9,,,0
100,'5274',1027,,1050,2,,,0,27,,1051,9,,,0
100,'5276',1027,,1052,2,,,0,27,,1053,9,,,0
100,'5284',831,,1054,2,,,0,75,,1056,2,,,0,99,,1057,9,,,0,37,,1055,2,,,0,90,,1058,2,,,0,115,,1059,2,,,0,160,,1060,2,,,0,120,,1061,2,,,0,75,,1062,2,,,0,108,,1063,9,,,0,195,,1064,2,,,0
100,'5291',1027,,1065,2,,,0,27,,1066,9,,,0
100,'5295',1027,,1067,2,,,0,27,,1068,9,,,0
100,'5403',808,,1069,2,,,0,34,,1070,9,,,0,76,,1084,2,,,0,39,,1082,2,,,0,167,,1072,9,,,0,20,,1071,9,,,0,161,,1073,2,,,0,42,,1074,9,,,0,110,,1075,9,,,0,67,,1076,9,,,0,320,,1077,9,,,0,87,,1078,2,,,0,115,,1079,2,,,0,154,,1080,2,,,0
100,'5404',808,,1085,2,,,0,34,,1086,9,,,0,76,,1096,2,,,0,39,,1094,2,,,0,167,,1088,9,,,0,20,,1087,9,,,0,161,,1089,2,,,0,42,,1090,9,,,0,110,,1091,9,,,0,387,,1092,9,,,0
100,'5405',1524,,1097,9,,,0,407,,1098,2,,,0,115,,1099,2,,,0,154,,1100,2,,,0
