2001,'4332',527,,959,3,,,0,492,,306,3,,,0,490,,307,3,,,0
2001,'4480',454,,309,3,,,0,260,,310,3,,,0,889,,312,3,,,0
2001,'5264',1034,,311,3,,,0,701,,313,3,,,0
2001,'5265',629,,319,3,0,24 25,0,120,,320,3,0,24 25,0
2001,'5266',1034,,960,3,,,0,701,,961,3,,,0
2001,'5267',629,,962,3,0,24 25,0,120,,963,3,0,24 25,0
2001,'5270',629,,964,3,0,24 25,0,120,,965,3,0,24 25,0
7400,'5269',1616,,987,6,,,0
9901,'4332',851,,1000,3,,,0,383,,1001,3,,,0,475,,1002,3,,,0
9901,'4480',654,,772,3,,,0,154,,773,3,,,0,140,,774,3,,,0,566,,776,3,,,0
9901,'5264',603,,771,3,,,0,606,,775,3,,,0,414,,777,3,,,0,88,,778,3,,,0
9901,'5266',603,,1003,3,,,0,606,,1004,3,,,0,414,,1005,3,,,0,88,,1006,3,,,0
