100,'4614',639,,1016,11,,,0,103,,1015,11,,,0,70,,1014,11,,,0,34,,1017,18,,,0,76,,1030,11,,,0,79,,1026,11,,,0,127,,1019,18,,,0,20,,1018,18,,,0,161,,1020,11,,,0,42,,1021,18,,,0,150,,1022,18,,,0,56,,1023,18,,,0,152,,1028,18,,,0,94,,1029,18,,,0,45,,1024,18,,,0
100,'4619',1528,,1031,18,,,0,406,,1032,11,,,0,115,,1033,11,,,0,154,,1034,11,,,0,105,,1035,11,,,0
100,'4623',1528,,1036,18,,,0,406,,1037,11,,,0,115,,1038,11,,,0,154,,1039,11,,,0,105,,1040,11,,,0
100,'4931',1528,,1041,18,,,0,406,,1042,11,,,0,115,,1043,11,,,0,154,,1044,11,,,0
100,'5087',639,,1046,11,,,0,103,,1045,11,,,0,815,,1047,18,,,0,152,,1048,18,,,0,94,,1049,18,,,0
100,'5274',1031,,1050,11,,,0,27,,1051,18,,,0
100,'5276',1031,,1052,11,,,0,27,,1053,18,,,0
100,'5284',834,,1054,11,,,0,75,,1056,11,,,0,99,,1057,18,,,0,37,,1055,11,,,0,90,,1058,11,,,0,115,,1059,11,,,0,160,,1060,11,,,0,120,,1061,11,,,0,75,,1062,11,,,0,108,,1063,18,,,0,195,,1064,11,,,0
100,'5291',1031,,1065,11,,,0,27,,1066,18,,,0
100,'5295',1031,,1067,11,,,0,27,,1068,18,,,0
100,'5403',812,,1069,11,,,0,34,,1070,18,,,0,76,,1084,11,,,0,79,,1082,11,,,0,127,,1072,18,,,0,20,,1071,18,,,0,161,,1073,11,,,0,42,,1074,18,,,0,150,,1075,18,,,0,27,,1076,18,,,0,320,,1077,18,,,0,86,,1078,11,,,0,115,,1079,11,,,0,154,,1080,11,,,0
100,'5404',812,,1085,11,,,0,34,,1086,18,,,0,76,,1096,11,,,0,79,,1094,11,,,0,127,,1088,18,,,0,20,,1087,18,,,0,161,,1089,11,,,0,42,,1090,18,,,0,150,,1091,18,,,0,347,,1092,18,,,0
100,'5405',1528,,1097,18,,,0,406,,1098,11,,,0,115,,1099,11,,,0,154,,1100,11,,,0
