1000,'4614',925,,1289,40,,,0,500,,1291,40,,,0,227,,1290,40,,,0,272,,1292,40,,,0,196,,1293,40,,,0
1000,'5087',1425,,1295,40,,,0,227,,1294,40,,,0,272,,1296,40,,,0,196,,1297,40,,,0
1000,'5274',1245,,1298,40,,,0
1000,'5276',1245,,1299,40,,,0
1000,'5284',1104,,1300,40,,,0,500,,1301,40,,,0,325,,1302,40,,,0
1000,'5291',1245,,1303,40,,,0
1000,'5295',1245,,1304,40,,,0
1000,'5403',925,,1305,40,,,0
1000,'5404',925,,1306,40,,,0
7600,'5281',1040,,1749,32,,,0
7600,'5294',1040,,1755,32,,,0
24001000,'4614',639,,1870,28,,,0,105,,1872,28,,,0,1001,,1871,35,,,0
24001000,'5284',737,,1873,28,,,0
24001000,'5403',639,,1874,28,,,0,105,,1876,28,,,0,1001,,1875,35,,,0
24001000,'5404',639,,1877,28,,,0,105,,1879,28,,,0,1001,,1878,35,,,0
