1001,'4614',653,,1307,6,,,0,105,,1311,6,,,0,185,,1308,6,,,0,505,,1312,6,,,0,270,,1309,6,,,0,90,,1310,6,,,0,140,,1313,6,,,0
1001,'5087',1448,,1315,6,,,0,270,,1314,6,,,0,230,,1316,6,,,0
1001,'5274',1308,,1317,6,,,0
1001,'5276',1308,,1318,6,,,0
1001,'5284',753,,1319,6,,,0,376,,1320,6,,,0,819,,1321,6,,,0
1001,'5291',1308,,1322,6,,,0
1001,'5295',1308,,1323,6,,,0
1001,'5403',653,,1324,6,,,0,105,,1327,6,,,0,185,,1325,6,,,0,865,,1326,6,,,0
1001,'5404',653,,1328,6,,,0,105,,1331,6,,,0,185,,1329,6,,,0,865,,1330,6,,,0
7601,'5281',908,,1761,11,,,0
7601,'5294',908,,1767,11,,,0
24001001,'4614',2138,,1880,6,,,0
24001001,'5087',2138,,1881,6,,,0
24001001,'5284',1623,,1882,6,,,0
