3101,'4614',722,,1399,14,4,,0,89,,1397,1,0,13,0,34,,1397,29,4,,0,75,,1398,1,0,12 7,0,87,,1395,14,4,,0,3,,1396,1,0,13,0,32,,1396,29,4,,0,3,,1392,1,0,13,0,72,,1392,29,4,,0,32,,1394,1,0,12 7,0,87,,1393,14,4,,0,72,,1391,1,0,13,0,33,,1391,29,4,,0,88,,1390,1,0,13,0,71,,1389,1,0,13,0,2,,1390,29,4,,0,31,,1389,29,4,,0,69,,1387,1,0,13,0,33,,1387,29,4,,0,10,,1388,1,0,12 7,0,111,,1386,1,0,12 7,0
3101,'5087',722,,1413,14,4,,0,89,,1411,1,0,13,0,34,,1411,29,4,,0,75,,1412,1,0,12 7,0,87,,1409,14,4,,0,3,,1410,1,0,13,0,32,,1410,29,4,,0,3,,1406,1,0,13,0,72,,1406,29,4,,0,32,,1408,1,0,12 7,0,87,,1407,14,4,,0,72,,1405,1,0,13,0,33,,1405,29,4,,0,88,,1404,1,0,13,0,71,,1403,1,0,13,0,2,,1404,29,4,,0,31,,1403,29,4,,0,69,,1401,1,0,13,0,33,,1401,29,4,,0,10,,1402,1,0,12 7,0,111,,1400,1,0,12 7,0
3101,'5284',913,,1419,14,4,,0,36,,1417,1,0,12 7,0,88,,1416,14,4,,0,99,,1414,1,0,12 7,0,88,,1415,14,4,,0,109,,1418,1,0,13,0,72,,1418,29,4,,0,98,,1420,1,0,12 7,0,48,,1421,14,4,,0
3201,'4614',725,,1429,1,0,14 3 15,0,91,,1429,32,4,,0,594,,1426,1,0,15,0,40,,1426,31,4,,0,87,,1425,1,0,15,0,80,,1425,31,4,,0,4,,1424,1,0,14 16,0,79,,1424,22,4,,0,29,,1422,23,4,,0,95,,1423,11,4,,0
3201,'5087',725,,1438,1,0,14 3 15,0,91,,1438,32,4,,0,594,,1435,1,0,15,0,40,,1435,31,4,,0,87,,1434,1,0,15,0,80,,1434,31,4,,0,4,,1433,1,0,14 16,0,79,,1433,22,4,,0,29,,1431,23,4,,0,95,,1432,11,4,,0
3300,'4614',839,,1448,5,4,,0,68,,1447,5,4,,0,232,,1446,5,4,,0,289,,1445,5,4,,0,191,,1443,5,4,,0,20,,1444,5,4,,0
3300,'5087',839,,1454,5,4,,0,68,,1453,5,4,,0,232,,1452,5,4,,0,289,,1451,5,4,,0,191,,1449,5,4,,0,20,,1450,5,4,,0
3300,'5284',1131,,1455,5,4,,0,325,,1456,5,4,,0,158,,1457,5,4,,0
3301,'4614',725,,1464,1,0,19 20,0,95,,1463,1,,,0,28,,1462,1,,,0,272,,1461,1,,,0,289,,1460,1,,,0,119,,1459,1,0,19 20,0,92,,1458,1,,,0
3301,'5087',725,,1471,1,0,19 20,0,95,,1470,1,,,0,28,,1469,1,,,0,272,,1468,1,,,0,289,,1467,1,,,0,119,,1466,1,0,19 20,0,92,,1465,1,,,0
3301,'5284',1112,,1472,1,,,0,325,,1473,1,,,0,119,,1474,1,,,0
3400,'4614',647,,1483,1,,,0,75,,1483,28,4,,0,17,,1484,1,,,0,69,,1484,27,4,,0,40,,1482,1,,,0,69,,1482,27,4,,0,193,,1481,1,,,0,35,,1481,28,4,,0,199,,1480,1,,,0,62,,1480,22,4,,0,99,,1479,1,,,0,29,,1479,27,4,,0,3,,1478,1,,,0,22,,1478,22,4,,0,83,,1477,1,,,0,75,,1477,28,4,,0,15,,1475,1,,,0,22,,1475,22,4,,0,72,,1476,1,,,0,21,,1476,22,4,,0
3400,'5087',647,,1493,1,,,0,75,,1493,28,4,,0,17,,1494,1,,,0,69,,1494,27,4,,0,40,,1492,1,,,0,69,,1492,27,4,,0,193,,1491,1,,,0,35,,1491,28,4,,0,199,,1490,1,,,0,62,,1490,22,4,,0,99,,1489,1,,,0,29,,1489,27,4,,0,3,,1488,1,,,0,22,,1488,22,4,,0,83,,1487,1,,,0,75,,1487,28,4,,0,15,,1485,1,,,0,22,,1485,22,4,,0,72,,1486,1,,,0,21,,1486,22,4,,0
3400,'5284',916,,1496,1,,,0,27,,1496,27,4,,0,99,,1495,1,,,0,67,,1495,27,4,,0,298,,1497,1,,,0,27,,1497,27,4,,0
3601,'4614',809,,1500,21,4,,0,430,,1499,1,,,0,67,,1499,19,4,,0
3601,'5087',809,,1503,21,4,,0,430,,1502,1,,,0,67,,1502,19,4,,0
3800,'5279',958,,1505,25,,,0,450,,1504,25,,,0
3800,'5293',958,,1507,25,,,0,450,,1506,25,,,0
9800,'4614',633,,1778,16,,,0,88,,1774,16,,,0,117,,1777,16,,,0,181,,1775,16,,,0,222,,1772,19,0,7 8 2 9 2 10,0,312,,1773,25,0,7 8 2 9 2 10,0,98,,1776,19,0,7 8 2 9 2 10,0,88,,1771,16,,,0
9800,'4619',1900,,1779,16,,,0
9800,'4623',1900,,1780,16,,,0
9800,'5087',633,,1788,16,,,0,88,,1784,16,,,0,117,,1787,16,,,0,181,,1785,16,,,0,222,,1782,19,0,7 8 2 9 2 10,0,312,,1783,25,0,7 8 2 9 2 10,0,98,,1786,19,0,7 8 2 9 2 10,0,88,,1781,16,,,0
9800,'5284',919,,1791,16,,,0,384,,1789,16,,,0,438,,1790,16,,,0
9801,'4614',657,,1797,5,0,11,0,88,,1793,5,0,7 8 2 11 2 10,0,160,,1798,5,0,7 8 2 11 2 10,0,139,,1796,5,0,11,0,262,,1792,5,0,7 8 2 11 2 10,0,312,,1794,5,0,11,0,100,,1799,5,0,11,0,88,,1795,5,0,11,0
9801,'4619',1921,,1803,5,0,11,0
9801,'4623',1921,,1804,5,0,11,0
9801,'5087',657,,1810,5,0,11,0,88,,1806,5,0,7 8 2 11 2 10,0,160,,1811,5,0,7 8 2 11 2 10,0,139,,1809,5,0,11,0,262,,1805,5,0,7 8 2 11 2 10,0,312,,1807,5,0,11,0,100,,1812,5,0,11,0,88,,1808,5,0,11,0
9801,'5284',943,,1818,5,0,11,0,384,,1816,5,0,11,0,478,,1817,5,0,11,0
