1000,'4614',900,,1289,15,,,0,500,,1291,15,,,0,225,,1290,15,,,0,275,,1292,15,,,0,156,,1293,15,,,0
1000,'5087',1400,,1295,15,,,0,225,,1294,15,,,0,275,,1296,15,,,0,156,,1297,15,,,0
1000,'5274',1220,,1298,15,,,0
1000,'5276',1220,,1299,15,,,0
1000,'5284',1037,,1300,15,,,0,499,,1301,15,,,0,366,,1302,15,,,0
1000,'5291',1220,,1303,15,,,0
1000,'5295',1220,,1304,15,,,0
1000,'5403',900,,1305,15,,,0
1000,'5404',900,,1306,15,,,0
7600,'5281',1016,,1749,11,,,0
7600,'5294',1016,,1755,11,,,0
24001000,'4614',616,,1870,7,,,0,105,,1872,7,,,0,996,,1871,10,,,0
24001000,'5284',714,,1873,7,,,0
24001000,'5403',616,,1874,7,,,0,105,,1876,7,,,0,996,,1875,10,,,0
24001000,'5404',616,,1877,7,,,0,105,,1879,7,,,0,996,,1878,10,,,0
