1000,'4332',1055,,929,31,,,0,500,,930,31,,,0,365,,931,31,,,0
1000,'4480',1415,,232,31,,,0,695,,234,31,,,0
1000,'5264',915,,230,31,,,0,729,,231,31,,,0,271,,233,31,,,0
1000,'5265',1235,,240,31,,,0
1000,'5266',915,,932,31,,,0,729,,933,31,,,0,271,,934,31,,,0
1000,'5267',1235,,935,31,,,0
1000,'5270',1235,,936,31,,,0
7600,'5271',1031,,989,23,,,0
24001000,'4332',729,,1008,19,,,0
24001000,'4480',1737,,791,26,,,0
24001000,'5264',631,,790,19,,,0,105,,792,19,,,0
24001000,'5266',631,,1009,19,,,0,105,,1010,19,,,0
