2000,'4614',708,,1348,43,,,0,225,,1349,43,,,0,322,,1350,43,,,0
2000,'5087',708,,1353,43,,,0,225,,1354,43,,,0
2000,'5274',804,,1357,5,,,0
2000,'5276',804,,1358,5,,,0
2000,'5284',745,,1360,42,,,0,506,,1362,42,,,0,685,,1359,34,,,0
2000,'5291',804,,1363,5,,,0
2000,'5295',804,,1364,5,,,0
2000,'5403',1255,,1365,43,,,0
2000,'5404',1255,,1366,43,,,0
2001,'4614',1046,,1369,10,,,0,574,,1370,10,,,0,126,,1371,10,,,0
2001,'5087',1620,,1374,10,,,0,126,,1375,10,,,0
2001,'5284',1032,,1381,10,,,0,490,,1378,10,,,0
2001,'5403',1046,,1384,10,,,0
2001,'5404',1046,,1385,10,,,0
