4300,'4332',804,,484,17,4,,0,141,,483,55,4,,0,201,,477,55,4,,0,310,,479,55,4,,0,184,,480,55,4,,0,166,,481,55,4,,0,127,,482,55,4,,0
4300,'4480',605,,488,17,4,,0,454,,485,55,4,,0,247,,487,55,4,,0,133,,492,52,4,,0,169,,495,60,4,,0,21,,493,52,4,,0,180,,489,52,4,,0,124,,494,55,4,,0
4300,'4485',605,,500,17,4,,0,454,,497,55,4,,0,247,,499,55,4,,0,133,,504,52,4,,0,169,,508,55,4,,0,21,,505,52,4,,0,180,,501,52,4,,0,124,,506,55,4,,0
4301,'4332',806,,515,1,,,0,143,,514,1,,,0,201,,511,1,,,0,350,,513,1,,,0
4301,'4480',1059,,523,1,,,0,247,,516,1,,,0,133,,518,1,,,0,169,,525,1,,,0,201,,524,1,,,0,124,,526,1,,,0
4301,'4485',1059,,536,1,,,0,247,,529,1,,,0,133,,531,1,,,0,169,,538,1,,,0,201,,537,1,,,0,124,,539,1,,,0
4801,'4840',754,,642,2,,,0
24004300,'4480',659,,800,25,4,,0,81,,799,34,4,,0,166,,801,34,4,,0
24004300,'4485',659,,803,25,4,,0,81,,802,34,4,,0,166,,804,34,4,,0
24004301,'4332',1644,,806,1,,,0,166,,805,1,,,0,123,,807,1,0,17 16,0
24004301,'4480',605,,808,1,,,0,54,,810,1,,,0,81,,811,1,,,0,166,,812,1,,,0,726,,809,1,,,0
24004301,'4485',605,,813,1,,,0,54,,815,1,,,0,81,,817,1,,,0,166,,816,1,,,0,726,,814,1,,,0
24004301,'4680',2155,,818,1,0,17 16,0
24004301,'4694',2155,,819,1,0,17 16,0
