201,'4614',636,,1104,23,,,0,68,,1105,23,,,0,113,,1103,23,,,0,28,,1101,23,,,0,77,,1106,24,,,0,29,,1107,24,,,0,103,,1108,26,,,0,68,,1109,24,,,0,106,,1110,26,,,0,96,,1111,24,,,0,106,,1112,26,,,0,19,,1113,24,,,0,176,,1115,26,,,0,296,,1116,24,,,0
201,'4619',1558,,1117,24,,,0,145,,1118,24,,,0,98,,1119,24,,,0,208,,1120,24,,,0,115,,1121,24,,,0,113,,1122,23,,,0
201,'4623',1558,,1123,24,,,0,145,,1124,24,,,0,98,,1125,24,,,0,208,,1126,24,,,0,115,,1127,24,,,0,113,,1128,23,,,0
201,'4931',1558,,1129,24,,,0,145,,1130,24,,,0,98,,1131,24,,,0,208,,1132,24,,,0,115,,1133,24,,,0
201,'5087',704,,1135,23,,,0,113,,1134,23,,,0,105,,1136,24,,,0
201,'5274',1729,,1137,24,,,0
201,'5276',1729,,1138,24,,,0
201,'5284',830,,1148,24,,,0,112,,1139,24,,,0,113,,1140,26,,,0,158,,1141,24,,,0,116,,1142,26,,,0,117,,1143,24,,,0,200,,1144,26,,,0,106,,1145,24,,,0,80,,1146,24,,,0,113,,1147,24,,,0
201,'5291',1729,,1149,24,,,0
201,'5295',1729,,1150,24,,,0
201,'5403',636,,1152,23,,,0,209,,1151,23,,,0,106,,1153,24,,,0,103,,1154,26,,,0,68,,1155,24,,,0,106,,1156,26,,,0,96,,1157,24,,,0,106,,1158,26,,,0,19,,1159,24,,,0,109,,1160,24,,,0,67,,1163,26,,,0,78,,1161,24,,,0,98,,1162,24,,,0,120,,1164,24,,,0,88,,1165,24,,,0,115,,1166,24,,,0
201,'5404',636,,1168,23,,,0,209,,1167,23,,,0,106,,1169,24,,,0,103,,1170,26,,,0,68,,1171,24,,,0,106,,1172,26,,,0,96,,1173,24,,,0,106,,1174,26,,,0,19,,1175,24,,,0,176,,1176,26,,,0,296,,1177,24,,,0
201,'5405',1558,,1178,24,,,0,145,,1179,24,,,0,98,,1180,24,,,0,208,,1181,24,,,0,115,,1182,24,,,0
1001,'4614',729,,1307,38,,,0,105,,1311,38,,,0,187,,1308,38,,,0,503,,1312,38,,,0,231,,1309,38,,,0,89,,1310,38,,,0,179,,1313,38,,,0
1001,'5087',1524,,1315,38,,,0,231,,1314,38,,,0,268,,1316,38,,,0
1001,'5274',1344,,1317,38,,,0
1001,'5276',1344,,1318,38,,,0
1001,'5284',829,,1319,38,,,0,378,,1320,38,,,0,817,,1321,38,,,0
1001,'5291',1344,,1322,38,,,0
1001,'5295',1344,,1323,38,,,0
1001,'5403',729,,1324,38,,,0,105,,1327,38,,,0,187,,1325,38,,,0,823,,1326,38,,,0
1001,'5404',729,,1328,38,,,0,105,,1331,38,,,0,187,,1329,38,,,0,823,,1330,38,,,0
