1000,'4614',912,,1289,25,,,0,500,,1291,25,,,0,227,,1290,25,,,0,272,,1292,25,,,0,196,,1293,25,,,0
1000,'5087',1412,,1295,25,,,0,227,,1294,25,,,0,272,,1296,25,,,0,196,,1297,25,,,0
1000,'5274',1232,,1298,25,,,0
1000,'5276',1232,,1299,25,,,0
1000,'5284',1050,,1300,25,,,0,500,,1301,25,,,0,365,,1302,25,,,0
1000,'5291',1232,,1303,25,,,0
1000,'5295',1232,,1304,25,,,0
1000,'5403',912,,1305,25,,,0
1000,'5404',912,,1306,25,,,0
24001000,'4614',1731,,1871,20,,,0
24001000,'5403',1731,,1875,20,,,0
24001000,'5404',1731,,1878,20,,,0
