1000,'4614',923,,1289,37,,,0,500,,1291,37,,,0,227,,1290,37,,,0,272,,1292,37,,,0,196,,1293,37,,,0
1000,'5087',1423,,1295,37,,,0,227,,1294,37,,,0,272,,1296,37,,,0,196,,1297,37,,,0
1000,'5274',1243,,1298,37,,,0
1000,'5276',1243,,1299,37,,,0
1000,'5284',1102,,1300,37,,,0,500,,1301,37,,,0,325,,1302,37,,,0
1000,'5291',1243,,1303,37,,,0
1000,'5295',1243,,1304,37,,,0
1000,'5403',923,,1305,37,,,0
1000,'5404',923,,1306,37,,,0
7600,'5281',1038,,1749,29,,,0
7600,'5294',1038,,1755,29,,,0
24001000,'4614',637,,1870,25,,,0,105,,1872,25,,,0,1001,,1871,32,,,0
24001000,'5284',735,,1873,25,,,0
24001000,'5403',637,,1874,25,,,0,105,,1876,25,,,0,1001,,1875,32,,,0
24001000,'5404',637,,1877,25,,,0,105,,1879,25,,,0,1001,,1878,32,,,0
