9800,'4614',611,,1778,4,,,0,47,,1774,4,,,0,157,,1777,4,,,0,141,,1775,4,,,0,262,,1772,7,0,7 8 2 9 2 10,0,312,,1773,13,0,7 8 2 9 2 10,0,99,,1776,7,0,7 8 2 9 2 10,0,88,,1771,4,,,0
9800,'4619',1839,,1779,4,,,0
9800,'4623',1839,,1780,4,,,0
9800,'5087',611,,1788,4,,,0,47,,1784,4,,,0,157,,1787,4,,,0,141,,1785,4,,,0,262,,1782,7,0,7 8 2 9 2 10,0,312,,1783,13,0,7 8 2 9 2 10,0,99,,1786,7,0,7 8 2 9 2 10,0,88,,1781,4,,,0
9800,'5284',856,,1791,4,,,0,384,,1789,4,,,0,478,,1790,4,,,0
9801,'4614',541,,1801,5,0,11,0,109,,1800,5,0,11,0,68,,1797,18,0,11,0,88,,1793,18,0,7 8 2 11 2 10,0,120,,1798,18,0,7 8 2 11 2 10,0,179,,1796,18,0,11,0,223,,1792,18,0,7 8 2 11 2 10,0,124,,1802,5,0,11,0,188,,1794,18,0,11,0,100,,1799,18,0,11,0,88,,1795,18,0,11,0
9801,'4619',1942,,1803,18,0,11,0
9801,'4623',1942,,1804,18,0,11,0
9801,'5087',541,,1814,5,0,11,0,109,,1813,5,0,11,0,68,,1810,18,0,11,0,88,,1806,18,0,7 8 2 11 2 10,0,120,,1811,18,0,7 8 2 11 2 10,0,179,,1809,18,0,11,0,223,,1805,18,0,7 8 2 11 2 10,0,124,,1815,5,0,11,0,188,,1807,18,0,11,0,100,,1812,18,0,11,0,88,,1808,18,0,11,0
9801,'5284',736,,1819,5,0,11,0,269,,1818,18,0,11,0,344,,1816,18,0,11,0,478,,1817,18,0,11,0
