4300,'4614',1033,,1534,39,,,0,218,,1536,39,,,0,178,,1540,36,,,0,128,,1543,44,,,0,62,,1541,36,,,0,139,,1537,36,,,0,164,,1542,39,,,0
4300,'4619',2200,,1545,39,4,,0
4300,'4623',2200,,1546,39,4,,0
4300,'5087',1033,,1547,39,,,0,218,,1549,39,,,0,178,,1553,36,,,0,128,,1556,39,,,0,62,,1554,36,,,0,139,,1550,36,,,0,164,,1555,39,,,0
4300,'5284',931,,1564,39,,,0,201,,1558,39,,,0,312,,1560,39,,,0,182,,1561,39,,,0,126,,1562,39,,,0,167,,1563,39,,,0
24004300,'4614',550,,1886,18,,,0,95,,1884,18,,,0,73,,1883,18,,,0,132,,1885,18,,,0
24004300,'5087',550,,1890,18,,,0,95,,1888,18,,,0,73,,1887,18,,,0,132,,1889,18,,,0
24004300,'5284',751,,1891,18,,,0
24004301,'4619',2200,,1897,1,,,0
24004301,'4623',2200,,1898,1,,,0
