301,'4614',629,,1187,13,0,28 29,0,102,,1186,13,0,28 29,0,10,,1185,7,4,,0,59,,1183,13,0,28 29,0,11,,1184,13,0,13,0,39,,1188,13,0,13,0,60,,1198,13,0,28 29,0,40,,1189,13,0,28 29,0,100,,1190,13,0,13,0,100,,1191,13,0,13,0,108,,1192,13,0,28 29,0,95,,1193,13,0,13,0,89,,1194,13,0,13,0,104,,1196,13,0,13,0,111,,1197,13,0,13,0,168,,1195,13,0,13,0
301,'4619',1630,,1199,13,0,13,0,101,,1200,13,0,13,0,193,,1201,13,0,28 29,0,115,,1202,13,0,28 29,0,115,,1203,13,0,28 29,0,105,,1204,13,0,28 29,0
301,'4623',1630,,1205,13,0,13,0,101,,1206,13,0,13,0,193,,1207,13,0,28 29,0,115,,1208,13,0,28 29,0,115,,1209,13,0,28 29,0,105,,1210,13,0,28 29,0
301,'4931',1630,,1211,13,0,13,0,101,,1212,13,0,13,0,193,,1213,13,0,28 29,0,115,,1214,13,0,28 29,0,115,,1215,13,0,28 29,0
301,'5087',629,,1217,13,0,28 29,0,102,,1216,13,0,28 29,0,119,,1218,13,0,13,0,975,,1219,13,0,13,0
301,'5274',1020,,1220,13,0,28 29,0
301,'5276',1020,,1221,13,0,28 29,0
301,'5284',824,,1222,13,0,28 29,0,35,,1224,13,0,28 29,0,176,,1223,13,0,28 29,0,90,,1226,13,0,28 29,0,115,,1225,13,0,28 29,0,160,,1227,13,0,28 29,0,120,,1228,13,0,28 29,0,35,,1229,13,0,28 29,0,303,,1230,13,0,28 29,0
301,'5291',1020,,1231,13,0,28 29,0
301,'5295',1020,,1232,13,0,28 29,0
301,'5403',741,,1235,7,4,,0,59,,1233,13,0,28 29,0,11,,1234,13,0,13,0,99,,1249,13,0,28 29,0,40,,1236,13,0,28 29,0,100,,1237,13,0,13,0,100,,1238,13,0,13,0,108,,1239,13,0,28 29,0,95,,1240,13,0,13,0,89,,1241,13,0,13,0,104,,1244,13,0,13,0,84,,1242,13,0,13,0,27,,1246,13,0,13,0,74,,1243,13,0,13,0,193,,1245,13,0,28 29,0,115,,1247,13,0,28 29,0,115,,1248,13,0,28 29,0
301,'5404',741,,1252,7,4,,0,59,,1250,13,0,28 29,0,11,,1251,13,0,13,0,99,,1261,13,0,28 29,0,40,,1253,13,0,28 29,0,100,,1254,13,0,13,0,100,,1255,13,0,13,0,108,,1256,13,0,28 29,0,95,,1257,13,0,13,0,89,,1258,13,0,13,0,104,,1259,13,0,13,0,111,,1260,13,0,13,0
301,'5405',1630,,1262,13,0,13,0,101,,1263,13,0,13,0,193,,1264,13,0,28 29,0,115,,1265,13,0,28 29,0,115,,1266,13,0,28 29,0
