100,'4614',840,,1017,6,0,29,0,282,,1019,6,0,29 2 35 23,0,20,,1018,6,0,29,0,203,,1021,6,0,29,0,110,,1022,6,0,29,0,96,,1023,6,0,29,0,152,,1028,6,0,29,0,54,,1029,6,0,29,0,85,,1024,6,0,29,0
100,'4619',1522,,1031,6,0,29 2 35 23,0
100,'4623',1522,,1036,6,0,29 2 35 23,0
100,'4931',1522,,1041,6,0,29 2 35 23,0
100,'5087',1551,,1047,6,0,29,0,152,,1048,6,0,29,0,54,,1049,6,0,29,0
100,'5274',1052,,1051,6,0,29,0
100,'5276',1052,,1053,6,0,29,0
100,'5284',1003,,1057,6,0,29,0,705,,1063,6,0,29,0
100,'5291',1052,,1066,6,0,29,0
100,'5295',1052,,1068,6,0,29,0
100,'5403',840,,1070,6,0,29,0,282,,1072,6,0,29 2 35 23,0,20,,1071,6,0,29,0,203,,1074,6,0,29,0,110,,1075,6,0,29,0,67,,1076,6,0,29 2 35 23,0,320,,1077,6,0,29,0
100,'5404',840,,1086,6,0,29,0,282,,1088,6,0,29 2 35 23,0,20,,1087,6,0,29,0,203,,1090,6,0,29,0,110,,1091,6,0,29,0,387,,1092,6,0,29,0
100,'5405',1522,,1097,6,0,29 2 35 23,0
301,'4614',634,,1187,20,0,28 29,0,102,,1186,20,0,28 29,0,70,,1183,20,0,28 29,0,110,,1198,20,0,28 29,0,39,,1189,20,0,28 29,0,348,,1192,20,0,28 29,0
301,'4619',1929,,1201,20,0,28 29,0,115,,1202,20,0,28 29,0,114,,1203,20,0,28 29,0,145,,1204,20,0,28 29,0
301,'4623',1929,,1207,20,0,28 29,0,115,,1208,20,0,28 29,0,114,,1209,20,0,28 29,0,145,,1210,20,0,28 29,0
301,'4931',1929,,1213,20,0,28 29,0,115,,1214,20,0,28 29,0,114,,1215,20,0,28 29,0
301,'5087',634,,1217,20,0,28 29,0,102,,1216,20,0,28 29,0
301,'5274',1025,,1220,20,0,28 29,0
301,'5276',1025,,1221,20,0,28 29,0
301,'5284',829,,1222,20,0,28 29,0,75,,1224,20,0,28 29,0,136,,1223,20,0,28 29,0,90,,1226,20,0,28 29,0,115,,1225,20,0,28 29,0,160,,1227,20,0,28 29,0,120,,1228,20,0,28 29,0,75,,1229,20,0,28 29,0,303,,1230,20,0,28 29,0
301,'5291',1025,,1231,20,0,28 29,0
301,'5295',1025,,1232,20,0,28 29,0
301,'5403',806,,1233,20,0,28 29,0,110,,1249,20,0,28 29,0,39,,1236,20,0,28 29,0,348,,1239,20,0,28 29,0,626,,1245,20,0,28 29,0,115,,1247,20,0,28 29,0,114,,1248,20,0,28 29,0
301,'5404',806,,1250,20,0,28 29,0,110,,1261,20,0,28 29,0,39,,1253,20,0,28 29,0,348,,1256,20,0,28 29,0
301,'5405',1929,,1264,20,0,28 29,0,115,,1265,20,0,28 29,0,114,,1266,20,0,28 29,0
