1000,'4332',1059,,929,35,,,0,500,,930,35,,,0,365,,931,35,,,0
1000,'4480',1419,,232,35,,,0,695,,234,35,,,0
1000,'5264',919,,230,35,,,0,729,,231,35,,,0,271,,233,35,,,0
1000,'5265',1239,,240,35,,,0
1000,'5266',919,,932,35,,,0,729,,933,35,,,0,271,,934,35,,,0
1000,'5267',1239,,935,35,,,0
1000,'5270',1239,,936,35,,,0
7600,'5271',1036,,989,27,,,0
24001000,'4332',733,,1008,23,,,0
24001000,'4480',1741,,791,30,,,0
24001000,'5264',635,,790,23,,,0,105,,792,23,,,0
24001000,'5266',635,,1009,23,,,0,105,,1010,23,,,0
