2001,'4332',533,,959,8,,,0,492,,306,8,,,0,490,,307,8,,,0
2001,'4480',500,,309,8,,,0,220,,310,8,,,0,889,,312,8,,,0
2001,'5264',1040,,311,8,,,0,701,,313,8,,,0
2001,'5265',635,,319,8,0,24 25,0,120,,320,8,0,24 25,0
2001,'5266',1040,,960,8,,,0,701,,961,8,,,0
2001,'5267',635,,962,8,0,24 25,0,120,,963,8,0,24 25,0
2001,'5270',635,,964,8,0,24 25,0,120,,965,8,0,24 25,0
7400,'5269',1623,,987,11,,,0
9901,'4332',858,,1000,8,,,0,383,,1001,8,,,0,475,,1002,8,,,0
9901,'4480',701,,772,8,,,0,114,,773,8,,,0,140,,774,8,,,0,566,,776,8,,,0
9901,'5264',610,,771,8,,,0,606,,775,8,,,0,414,,777,8,,,0,88,,778,8,,,0
9901,'5266',610,,1003,8,,,0,606,,1004,8,,,0,414,,1005,8,,,0,88,,1006,8,,,0
