5700,'4619',900,,1723,1,,,0,55,,1723,7,4,,0,190,,1724,1,,,0
5700,'4623',900,,1725,1,,,0,55,,1725,7,4,,0,190,,1726,1,,,0
5801,'5283',635,,1727,1,0,40,0,210,,1727,8,4,,0,1005,,1728,1,0,40,0,205,,1728,8,4,,0
5801,'5297',635,,1729,1,0,40,0,210,,1729,8,4,,0,1005,,1730,1,0,40,0,205,,1730,8,4,,0
7601,'5277',1220,,1759,2,0,41 16,0
7601,'5280',1720,,1760,2,0,41 16,0
7601,'5281',830,,1761,2,,,0
7601,'5283',900,,1762,2,0,41 16,0,820,,1763,2,0,41 16,0
7601,'5286',710,,1764,2,0,41 16,0
7601,'5289',1220,,1765,2,0,41 16,0
7601,'5290',1720,,1766,2,0,41 16,0
7601,'5294',830,,1767,2,,,0
7601,'5296',710,,1768,2,0,41 16,0
7601,'5297',900,,1769,2,0,41 16,0,820,,1770,2,0,41 16,0
