1001,'4614',713,,1307,20,,,0,105,,1311,20,,,0,186,,1308,20,,,0,504,,1312,20,,,0,231,,1309,20,,,0,89,,1310,20,,,0,180,,1313,20,,,0
1001,'5087',1508,,1315,20,,,0,231,,1314,20,,,0,269,,1316,20,,,0
1001,'5274',1328,,1317,20,,,0
1001,'5276',1328,,1318,20,,,0
1001,'5284',813,,1319,20,,,0,337,,1320,20,,,0,858,,1321,20,,,0
1001,'5291',1328,,1322,20,,,0
1001,'5295',1328,,1323,20,,,0
1001,'5403',713,,1324,20,,,0,105,,1327,20,,,0,186,,1325,20,,,0,824,,1326,20,,,0
1001,'5404',713,,1328,20,,,0,105,,1331,20,,,0,186,,1329,20,,,0,824,,1330,20,,,0
7601,'5281',924,,1761,22,,,0
7601,'5294',924,,1767,22,,,0
24001001,'4614',2155,,1880,17,,,0
24001001,'5087',2155,,1881,17,,,0
24001001,'5284',1644,,1882,17,,,0
