2000,'4332',742,,952,40,,,0,506,,285,40,,,0,685,,283,32,,,0
2000,'4480',703,,287,40,,,0,225,,288,40,,,0,902,,290,32,,,0
2000,'5264',1252,,289,40,,,0,698,,291,32,,,0
2000,'5265',651,,297,3,,,0,160,,298,3,,,0
2000,'5266',1252,,953,40,,,0,698,,954,32,,,0
2000,'5267',651,,955,3,,,0,160,,956,3,,,0
2000,'5270',651,,957,3,,,0,160,,958,3,,,0
7401,'5269',958,,988,35,,,0
9900,'4332',959,,993,17,,,0,384,,994,17,,,0,479,,995,17,,,0
9900,'4480',800,,753,17,,,0,116,,754,17,,,0,141,,755,17,,,0,573,,757,17,,,0
9900,'5264',711,,752,17,,,0,608,,756,17,,,0,411,,758,17,,,0,89,,759,17,,,0
9900,'5266',711,,996,17,,,0,608,,997,17,,,0,411,,998,17,,,0,89,,999,17,,,0
