3300,'4614',830,,1448,2,,,0,28,,1447,2,,,0,272,,1446,2,,,0,289,,1445,2,,,0,191,,1443,2,,,0,20,,1444,2,,,0
3300,'5087',830,,1454,2,,,0,28,,1453,2,,,0,272,,1452,2,,,0,289,,1451,2,,,0,191,,1449,2,,,0,20,,1450,2,,,0
3300,'5284',1122,,1455,2,,,0,325,,1456,2,,,0,158,,1457,2,,,0
3601,'4614',740,,1500,2,,,0,798,,1498,2,0,5 6,0
3601,'5087',740,,1503,2,,,0,798,,1501,2,0,5 6,0
9801,'4614',648,,1797,2,0,11,0,88,,1793,2,0,7 8 2 11 2 10,0,119,,1798,2,0,7 8 2 11 2 10,0,179,,1796,2,0,11,0,222,,1792,2,0,7 8 2 11 2 10,0,352,,1794,2,0,11,0,100,,1799,2,0,11,0,48,,1795,2,0,11,0
9801,'4619',1912,,1803,2,0,11,0
9801,'4623',1912,,1804,2,0,11,0
9801,'5087',648,,1810,2,0,11,0,88,,1806,2,0,7 8 2 11 2 10,0,119,,1811,2,0,7 8 2 11 2 10,0,179,,1809,2,0,11,0,222,,1805,2,0,7 8 2 11 2 10,0,352,,1807,2,0,11,0,100,,1812,2,0,11,0,48,,1808,2,0,11,0
9801,'5284',934,,1818,2,0,11,0,384,,1816,2,0,11,0,438,,1817,2,0,11,0
9900,'4614',648,,1820,2,,,0,88,,1821,2,,,0,117,,1822,2,,,0,181,,1823,2,,,0,222,,1824,2,,,0,352,,1825,2,,,0,99,,1826,2,,,0,49,,1827,2,,,0
9900,'5087',853,,1828,2,,,0,181,,1829,2,,,0,673,,1830,2,,,0
9900,'5284',936,,1831,2,,,0,384,,1832,2,,,0,439,,1833,2,,,0
9900,'5403',648,,1834,2,,,0,88,,1835,2,,,0,520,,1836,2,,,0,352,,1837,2,,,0,148,,1838,2,,,0
9900,'5404',648,,1839,2,,,0,88,,1840,2,,,0,520,,1841,2,,,0,352,,1842,2,,,0,148,,1843,2,,,0
