4300,'4614',1045,,1534,54,4,,0,258,,1536,54,4,,0,138,,1540,51,4,,0,168,,1543,59,4,,0,22,,1541,51,4,,0,179,,1537,51,4,,0,124,,1542,54,4,,0
4300,'5087',1045,,1547,54,4,,0,258,,1549,54,4,,0,138,,1553,51,4,,0,168,,1556,54,4,,0,22,,1554,51,4,,0,179,,1550,51,4,,0,124,,1555,54,4,,0
4300,'5284',944,,1564,54,4,,0,201,,1558,54,4,,0,312,,1560,54,4,,0,182,,1561,54,4,,0,166,,1562,54,4,,0,127,,1563,54,4,,0
4301,'4614',1048,,1571,1,,,0,258,,1565,1,,,0,138,,1567,1,,,0,169,,1573,1,,,0,200,,1572,1,,,0,124,,1574,1,,,0
4301,'5087',1048,,1583,1,,,0,258,,1577,1,,,0,138,,1579,1,,,0,169,,1585,1,,,0,200,,1584,1,,,0,124,,1586,1,,,0
4301,'5284',806,,1593,1,,,0,141,,1592,1,,,0,201,,1589,1,,,0,352,,1591,1,,,0
24004300,'4614',601,,1886,33,4,,0,55,,1884,33,4,,0,75,,1883,33,4,,0,172,,1885,33,4,,0
24004300,'5087',601,,1890,33,4,,0,55,,1888,33,4,,0,75,,1887,33,4,,0,172,,1889,33,4,,0
24004300,'5284',804,,1891,33,4,,0
24004301,'4614',604,,1896,1,,,0,55,,1893,1,,,0,75,,1894,1,,,0,172,,1895,1,,,0,728,,1892,1,,,0
24004301,'5087',604,,1903,1,,,0,55,,1900,1,,,0,75,,1901,1,,,0,172,,1902,1,,,0,728,,1899,1,,,0
24004301,'5284',1641,,1905,1,,,0,166,,1904,1,,,0,127,,1906,1,,,0
