201,'4614',626,,1104,7,0,32,0,26,,1105,7,0,32,0,152,,1103,7,0,32,0,17,,1103,28,,,0,8,,1102,4,0,38 39,0,4,,1101,7,0,32,0,77,,1106,8,0,32,0,30,,1107,8,0,32,0,99,,1108,8,0,32,0,71,,1109,8,0,32,0,103,,1110,8,0,32,0,99,,1111,8,0,32,0,103,,1112,8,0,32,0,22,,1113,8,0,32,0,174,,1115,8,0,32,0,299,,1116,8,0,32,0
201,'4619',1546,,1117,8,0,32,0,105,,1118,8,0,32,0,99,,1119,8,0,32,0,209,,1120,8,0,32,0,155,,1121,8,0,32,0,113,,1122,7,0,32,0
201,'4623',1546,,1123,8,0,32,0,105,,1124,8,0,32,0,99,,1125,8,0,32,0,209,,1126,8,0,32,0,155,,1127,8,0,32,0,113,,1128,7,0,32,0
201,'4931',1546,,1129,8,0,32,0,105,,1130,8,0,32,0,99,,1131,8,0,32,0,209,,1132,8,0,32,0,155,,1133,8,0,32,0
201,'5087',652,,1135,7,0,32,0,152,,1134,7,0,32,0,106,,1136,8,0,32,0
201,'5274',1718,,1137,8,0,32,0
201,'5276',1718,,1138,8,0,32,0
201,'5284',820,,1148,8,0,32,0,110,,1139,8,0,32,0,110,,1140,8,0,32,0,161,,1141,8,0,32,0,113,,1142,8,0,32,0,120,,1143,8,0,32,0,197,,1144,8,0,32,0,109,,1145,8,0,32,0,80,,1146,8,0,32,0,115,,1147,8,0,32,0
201,'5291',1718,,1149,8,0,32,0
201,'5295',1718,,1150,8,0,32,0
201,'5403',626,,1152,7,0,32,0,207,,1151,7,0,32,0,107,,1153,8,0,32,0,99,,1154,8,0,32,0,71,,1155,8,0,32,0,103,,1156,8,0,32,0,99,,1157,8,0,32,0,103,,1158,8,0,32,0,22,,1159,8,0,32,0,109,,1160,8,0,32,0,65,,1163,8,0,32,0,40,,1161,8,0,32,0,99,,1162,8,0,32,0,160,,1164,8,0,32,0,49,,1165,8,0,32,0,155,,1166,8,0,32,0
201,'5404',626,,1168,7,0,32,0,207,,1167,7,0,32,0,107,,1169,8,0,32,0,99,,1170,8,0,32,0,71,,1171,8,0,32,0,103,,1172,8,0,32,0,99,,1173,8,0,32,0,103,,1174,8,0,32,0,22,,1175,8,0,32,0,174,,1176,8,0,32,0,299,,1177,8,0,32,0
201,'5405',1546,,1178,8,0,32,0,105,,1179,8,0,32,0,99,,1180,8,0,32,0,209,,1181,8,0,32,0,155,,1182,8,0,32,0
