2001,'4332',542,,959,10,,,0,497,,306,12,,,0,490,,307,12,,,0
2001,'4480',509,,309,10,,,0,220,,310,10,,,0,901,,312,12,,,0
2001,'5264',1054,,311,12,,,0,701,,313,12,,,0
2001,'5265',644,,319,10,0,24 25,0,160,,320,10,0,24 25,0
2001,'5266',1054,,960,12,,,0,701,,961,12,,,0
2001,'5267',644,,962,10,0,24 25,0,160,,963,10,0,24 25,0
2001,'5270',644,,964,10,0,24 25,0,160,,965,10,0,24 25,0
7400,'5269',1634,,987,13,,,0
9901,'4332',907,,1000,10,,,0,344,,1001,10,,,0,475,,1002,10,,,0
9901,'4480',710,,772,10,,,0,114,,773,10,,,0,181,,774,10,,,0,526,,776,10,,,0
9901,'5264',619,,771,10,,,0,607,,775,10,,,0,413,,777,10,,,0,88,,778,10,,,0
9901,'5266',619,,1003,10,,,0,607,,1004,10,,,0,413,,1005,10,,,0,88,,1006,10,,,0
