1000,'4614',901,,1289,17,,,0,500,,1291,17,,,0,226,,1290,17,,,0,274,,1292,17,,,0,156,,1293,17,,,0
1000,'5087',1401,,1295,17,,,0,226,,1294,17,,,0,274,,1296,17,,,0,156,,1297,17,,,0
1000,'5274',1221,,1298,17,,,0
1000,'5276',1221,,1299,17,,,0
1000,'5284',1039,,1300,17,,,0,499,,1301,17,,,0,366,,1302,17,,,0
1000,'5291',1221,,1303,17,,,0
1000,'5295',1221,,1304,17,,,0
1000,'5403',901,,1305,17,,,0
1000,'5404',901,,1306,17,,,0
7600,'5281',1017,,1749,13,,,0
7600,'5294',1017,,1755,13,,,0
24001000,'4614',617,,1870,9,,,0,105,,1872,9,,,0,997,,1871,12,,,0
24001000,'5284',715,,1873,9,,,0
24001000,'5403',617,,1874,9,,,0,105,,1876,9,,,0,997,,1875,12,,,0
24001000,'5404',617,,1877,9,,,0,105,,1879,9,,,0,997,,1878,12,,,0
