301,'4614',624,,1187,6,0,28 29,0,101,,1186,6,0,28 29,0,29,,1183,6,0,28 29,0,51,,1184,6,0,30,0,39,,1188,6,0,30,0,60,,1198,6,0,28 29,0,40,,1189,6,0,28 29,0,100,,1190,6,0,30,0,100,,1191,6,0,30,0,108,,1192,6,0,28 29,0,95,,1193,6,0,30,0,89,,1194,6,0,30,0,104,,1196,6,0,30,0,111,,1197,6,0,30,0,168,,1195,6,0,30,0
301,'4619',1624,,1199,6,0,30,0,101,,1200,6,0,30,0,194,,1201,6,0,28 29,0,115,,1202,6,0,28 29,0,115,,1203,6,0,28 29,0,105,,1204,6,0,28 29,0
301,'4623',1624,,1205,6,0,30,0,101,,1206,6,0,30,0,194,,1207,6,0,28 29,0,115,,1208,6,0,28 29,0,115,,1209,6,0,28 29,0,105,,1210,6,0,28 29,0
301,'4931',1624,,1211,6,0,30,0,101,,1212,6,0,30,0,194,,1213,6,0,28 29,0,115,,1214,6,0,28 29,0,115,,1215,6,0,28 29,0
301,'5087',624,,1217,6,0,28 29,0,101,,1216,6,0,28 29,0,119,,1218,6,0,30,0,975,,1219,6,0,30,0
301,'5274',1014,,1220,6,0,28 29,0
301,'5276',1014,,1221,6,0,28 29,0
301,'5284',819,,1222,6,0,28 29,0,35,,1224,6,0,28 29,0,176,,1223,6,0,28 29,0,90,,1226,6,0,28 29,0,115,,1225,6,0,28 29,0,120,,1227,6,0,28 29,0,160,,1228,6,0,28 29,0,35,,1229,6,0,28 29,0,303,,1230,6,0,28 29,0
301,'5291',1014,,1231,6,0,28 29,0
301,'5295',1014,,1232,6,0,28 29,0
301,'5403',754,,1233,6,0,28 29,0,51,,1234,6,0,30,0,99,,1249,6,0,28 29,0,40,,1236,6,0,28 29,0,100,,1237,6,0,30,0,100,,1238,6,0,30,0,108,,1239,6,0,28 29,0,95,,1240,6,0,30,0,89,,1241,6,0,30,0,104,,1244,6,0,30,0,84,,1242,6,0,30,0,27,,1246,6,0,30,0,74,,1243,6,0,30,0,194,,1245,6,0,28 29,0,115,,1247,6,0,28 29,0,115,,1248,6,0,28 29,0
301,'5404',754,,1250,6,0,28 29,0,51,,1251,6,0,30,0,99,,1261,6,0,28 29,0,40,,1253,6,0,28 29,0,100,,1254,6,0,30,0,100,,1255,6,0,30,0,108,,1256,6,0,28 29,0,95,,1257,6,0,30,0,89,,1258,6,0,30,0,104,,1259,6,0,30,0,111,,1260,6,0,30,0
301,'5405',1624,,1262,6,0,30,0,101,,1263,6,0,30,0,194,,1264,6,0,28 29,0,115,,1265,6,0,28 29,0,115,,1266,6,0,28 29,0
