100,'4332',1003,,822,7,0,29,0,705,,828,7,0,29,0
100,'4480',748,,13,7,0,29 2 35 23,0,91,,836,7,0,29,0,284,,838,7,0,29 2 35 23,0,20,,837,7,0,29,0,200,,840,7,0,29,0,160,,841,7,0,29 2 35 23,0,48,,842,7,0,29,0,152,,847,7,0,29,0,55,,848,7,0,29,0,85,,843,7,0,29,0
100,'4661',1518,,853,7,0,29 2 35 23,0
100,'4663',1518,,830,7,0,29 2 35 23,0
100,'4674',723,,857,7,0,29,0,333,,859,7,0,29,0
100,'4676',723,,850,7,0,29,0,333,,852,7,0,29,0
301,'4332',829,,889,21,0,28 29,0,75,,891,21,0,28 29,0,136,,890,21,0,28 29,0,90,,892,21,0,28 29,0,115,,893,21,0,28 29,0,160,,894,21,0,28 29,0,120,,895,21,0,28 29,0,75,,896,21,0,28 29,0,303,,897,21,0,28 29,0
301,'4480',634,,157,13,0,28 29,0,172,,904,21,0,28 29,0,110,,914,21,0,28 29,0,40,,907,21,0,28 29,0,345,,910,21,0,28 29,0
301,'4661',1930,,918,21,0,28 29,0,115,,919,21,0,28 29,0,114,,920,21,0,28 29,0
301,'4663',1930,,900,21,0,28 29,0,115,,901,21,0,28 29,0,114,,902,21,0,28 29,0,145,,903,21,0,28 29,0
301,'4674',1026,,921,21,0,28 29,0
301,'4676',1026,,915,21,0,28 29,0
