1001,'4614',715,,1307,25,,,0,105,,1311,25,,,0,186,,1308,25,,,0,504,,1312,25,,,0,231,,1309,25,,,0,89,,1310,25,,,0,180,,1313,25,,,0
1001,'5087',1510,,1315,25,,,0,231,,1314,25,,,0,269,,1316,25,,,0
1001,'5274',1330,,1317,25,,,0
1001,'5276',1330,,1318,25,,,0
1001,'5284',815,,1319,25,,,0,337,,1320,25,,,0,858,,1321,25,,,0
1001,'5291',1330,,1322,25,,,0
1001,'5295',1330,,1323,25,,,0
1001,'5403',715,,1324,25,,,0,105,,1327,25,,,0,186,,1325,25,,,0,824,,1326,25,,,0
1001,'5404',715,,1328,25,,,0,105,,1331,25,,,0,186,,1329,25,,,0,824,,1330,25,,,0
7601,'5281',925,,1761,24,,,0
7601,'5294',925,,1767,24,,,0
24001001,'4614',2157,,1880,19,,,0
24001001,'5087',2157,,1881,19,,,0
24001001,'5284',1646,,1882,19,,,0
