2001,'4614',506,,1367,9,,,0,220,,1368,9,,,0,324,,1369,11,,,0,576,,1370,11,,,0,124,,1371,11,,,0
2001,'5087',506,,1372,9,,,0,220,,1373,9,,,0,900,,1374,11,,,0,124,,1375,11,,,0
2001,'5274',751,,1376,9,0,24 25,0
2001,'5276',751,,1377,9,0,24 25,0
2001,'5284',539,,1380,9,,,0,497,,1381,11,,,0,490,,1378,11,,,0
2001,'5291',751,,1382,9,0,24 25,0
2001,'5295',751,,1383,9,0,24 25,0
2001,'5403',1050,,1384,11,,,0
2001,'5404',1050,,1385,11,,,0
7400,'5278',1632,,1743,12,,,0
7400,'5292',1632,,1744,12,,,0
9901,'4614',616,,1844,9,,,0,91,,1845,9,,,0,115,,1846,9,,,0,181,,1847,9,,,0,220,,1848,9,,,0,309,,1849,9,,,0,104,,1850,9,,,0,88,,1851,9,,,0
9901,'5087',822,,1852,9,,,0,181,,1853,9,,,0,633,,1854,9,,,0
9901,'5284',904,,1855,9,,,0,344,,1856,9,,,0,475,,1857,9,,,0
9901,'5403',616,,1858,9,,,0,91,,1859,9,,,0,516,,1860,9,,,0,309,,1861,9,,,0,192,,1862,9,,,0
9901,'5404',616,,1863,9,,,0,91,,1864,9,,,0,516,,1865,9,,,0,309,,1866,9,,,0,192,,1867,9,,,0
