100,'4614',638,,1016,8,,,0,103,,1015,8,,,0,70,,1014,8,,,0,34,,1017,15,,,0,76,,1030,8,,,0,79,,1026,8,,,0,127,,1019,15,,,0,20,,1018,15,,,0,161,,1020,8,,,0,42,,1021,15,,,0,150,,1022,15,,,0,56,,1023,15,,,0,152,,1028,15,,,0,94,,1029,15,,,0,45,,1024,15,,,0
100,'4619',1527,,1031,15,,,0,406,,1032,8,,,0,115,,1033,8,,,0,154,,1034,8,,,0,105,,1035,8,,,0
100,'4623',1527,,1036,15,,,0,406,,1037,8,,,0,115,,1038,8,,,0,154,,1039,8,,,0,105,,1040,8,,,0
100,'4931',1527,,1041,15,,,0,406,,1042,8,,,0,115,,1043,8,,,0,154,,1044,8,,,0
100,'5087',638,,1046,8,,,0,103,,1045,8,,,0,815,,1047,15,,,0,152,,1048,15,,,0,94,,1049,15,,,0
100,'5274',1030,,1050,8,,,0,27,,1051,15,,,0
100,'5276',1030,,1052,8,,,0,27,,1053,15,,,0
100,'5284',833,,1054,8,,,0,75,,1056,8,,,0,99,,1057,15,,,0,37,,1055,8,,,0,90,,1058,8,,,0,115,,1059,8,,,0,160,,1060,8,,,0,120,,1061,8,,,0,75,,1062,8,,,0,108,,1063,15,,,0,195,,1064,8,,,0
100,'5291',1030,,1065,8,,,0,27,,1066,15,,,0
100,'5295',1030,,1067,8,,,0,27,,1068,15,,,0
100,'5403',811,,1069,8,,,0,34,,1070,15,,,0,76,,1084,8,,,0,79,,1082,8,,,0,127,,1072,15,,,0,20,,1071,15,,,0,161,,1073,8,,,0,42,,1074,15,,,0,150,,1075,15,,,0,27,,1076,15,,,0,320,,1077,15,,,0,86,,1078,8,,,0,115,,1079,8,,,0,154,,1080,8,,,0
100,'5404',811,,1085,8,,,0,34,,1086,15,,,0,76,,1096,8,,,0,79,,1094,8,,,0,127,,1088,15,,,0,20,,1087,15,,,0,161,,1089,8,,,0,42,,1090,15,,,0,150,,1091,15,,,0,347,,1092,15,,,0
100,'5405',1527,,1097,15,,,0,406,,1098,8,,,0,115,,1099,8,,,0,154,,1100,8,,,0
