1000,'4614',857,,1289,11,,,0,500,,1291,11,,,0,265,,1290,11,,,0,235,,1292,11,,,0,196,,1293,11,,,0
1000,'5087',1357,,1295,11,,,0,265,,1294,11,,,0,235,,1296,11,,,0,196,,1297,11,,,0
1000,'5274',1217,,1298,11,,,0
1000,'5276',1217,,1299,11,,,0
1000,'5284',1034,,1300,11,,,0,499,,1301,11,,,0,326,,1302,11,,,0
1000,'5291',1217,,1303,11,,,0
1000,'5295',1217,,1304,11,,,0
1000,'5403',857,,1305,11,,,0
1000,'5404',857,,1306,11,,,0
18000201,'4614',1527,,1868,10,0,32 2 33 34,0
18000201,'5087',1527,,1869,10,0,32 2 33 34,0
