201,'4332',819,,869,7,0,32,0,110,,860,7,0,32,0,110,,861,7,0,32,0,161,,862,7,0,32,0,113,,863,7,0,32,0,120,,864,7,0,32,0,197,,865,7,0,32,0,109,,866,7,0,32,0,80,,867,7,0,32,0,115,,868,7,0,32,0
201,'4480',625,,91,6,0,32,0,27,,92,6,0,32,0,155,,90,6,0,32,0,16,,90,27,,,0,10,,88,6,0,32,0,76,,93,7,0,32,0,30,,94,7,0,32,0,100,,95,7,0,32,0,271,,98,7,0,32,0
201,'4663',1545,,870,7,0,32,0,104,,871,7,0,32,0,100,,872,7,0,32,0,209,,873,7,0,32,0,155,,874,7,0,32,0,113,,875,6,0,32,0
201,'4674',1716,,123,7,0,32,0
201,'4676',1716,,124,7,0,32,0
201,'5264',828,,89,3,0,38 39,0,281,,96,7,0,32,0,101,,97,7,0,32,0,205,,99,7,0,32,0,20,,100,7,0,32,0,110,,118,7,0,32,0,64,,102,7,0,32,0,40,,119,7,0,32,0,100,,120,7,0,32,0,160,,103,7,0,32,0,49,,121,7,0,32,0,155,,122,7,0,32,0
201,'5266',828,,876,3,0,38 39,0,281,,877,7,0,32,0,101,,878,7,0,32,0,205,,879,7,0,32,0,20,,880,7,0,32,0,174,,882,7,0,32,0,300,,883,7,0,32,0
201,'5268',1545,,884,7,0,32,0,104,,885,7,0,32,0,100,,886,7,0,32,0,209,,887,7,0,32,0,155,,888,7,0,32,0
7600,'5271',1014,,989,8,,,0
24001000,'4332',712,,1008,4,,,0
24001000,'4480',1714,,791,7,,,0
24001000,'5264',614,,790,4,,,0,105,,792,4,,,0
24001000,'5266',614,,1009,4,,,0,105,,1010,4,,,0
