2001,'4614',456,,1367,5,,,0,260,,1368,5,,,0,319,,1369,5,,,0,573,,1370,5,,,0,127,,1371,5,,,0
2001,'5087',456,,1372,5,,,0,260,,1373,5,,,0,892,,1374,5,,,0,127,,1375,5,,,0
2001,'5274',741,,1376,5,0,24 25,0
2001,'5276',741,,1377,5,0,24 25,0
2001,'5284',529,,1380,5,,,0,492,,1381,5,,,0,490,,1378,5,,,0
2001,'5291',741,,1382,5,0,24 25,0
2001,'5295',741,,1383,5,0,24 25,0
2001,'5403',1035,,1384,5,,,0
2001,'5404',1035,,1385,5,,,0
7400,'5278',1620,,1743,8,,,0
7400,'5292',1620,,1744,8,,,0
9901,'4614',606,,1844,5,,,0,51,,1845,5,,,0,154,,1846,5,,,0,141,,1847,5,,,0,259,,1848,5,,,0,310,,1849,5,,,0,105,,1850,5,,,0,88,,1851,5,,,0
9901,'5087',811,,1852,5,,,0,141,,1853,5,,,0,674,,1854,5,,,0
9901,'5284',854,,1855,5,,,0,383,,1856,5,,,0,475,,1857,5,,,0
9901,'5403',606,,1858,5,,,0,51,,1859,5,,,0,554,,1860,5,,,0,310,,1861,5,,,0,193,,1862,5,,,0
9901,'5404',606,,1863,5,,,0,51,,1864,5,,,0,554,,1865,5,,,0,310,,1866,5,,,0,193,,1867,5,,,0
