100,'4614',637,,1016,5,,,0,102,,1015,5,,,0,70,,1014,5,,,0,34,,1017,12,,,0,76,,1030,5,,,0,39,,1026,5,,,0,167,,1019,12,,,0,20,,1018,12,,,0,161,,1020,5,,,0,42,,1021,12,,,0,110,,1022,12,,,0,96,,1023,12,,,0,152,,1028,12,,,0,94,,1029,12,,,0,45,,1024,12,,,0
100,'4619',1525,,1031,12,,,0,407,,1032,5,,,0,115,,1033,5,,,0,154,,1034,5,,,0,105,,1035,5,,,0
100,'4623',1525,,1036,12,,,0,407,,1037,5,,,0,115,,1038,5,,,0,154,,1039,5,,,0,105,,1040,5,,,0
100,'4931',1525,,1041,12,,,0,407,,1042,5,,,0,115,,1043,5,,,0,154,,1044,5,,,0
100,'5087',637,,1046,5,,,0,102,,1045,5,,,0,815,,1047,12,,,0,152,,1048,12,,,0,94,,1049,12,,,0
100,'5274',1028,,1050,5,,,0,27,,1051,12,,,0
100,'5276',1028,,1052,5,,,0,27,,1053,12,,,0
100,'5284',832,,1054,5,,,0,75,,1056,5,,,0,99,,1057,12,,,0,37,,1055,5,,,0,90,,1058,5,,,0,115,,1059,5,,,0,160,,1060,5,,,0,120,,1061,5,,,0,75,,1062,5,,,0,108,,1063,12,,,0,195,,1064,5,,,0
100,'5291',1028,,1065,5,,,0,27,,1066,12,,,0
100,'5295',1028,,1067,5,,,0,27,,1068,12,,,0
100,'5403',809,,1069,5,,,0,34,,1070,12,,,0,76,,1084,5,,,0,39,,1082,5,,,0,167,,1072,12,,,0,20,,1071,12,,,0,161,,1073,5,,,0,42,,1074,12,,,0,110,,1075,12,,,0,67,,1076,12,,,0,320,,1077,12,,,0,87,,1078,5,,,0,115,,1079,5,,,0,154,,1080,5,,,0
100,'5404',809,,1085,5,,,0,34,,1086,12,,,0,76,,1096,5,,,0,39,,1094,5,,,0,167,,1088,12,,,0,20,,1087,12,,,0,161,,1089,5,,,0,42,,1090,12,,,0,110,,1091,12,,,0,387,,1092,12,,,0
100,'5405',1525,,1097,12,,,0,407,,1098,5,,,0,115,,1099,5,,,0,154,,1100,5,,,0
