201,'4332',830,,869,25,,,0,113,,860,25,,,0,113,,861,27,,,0,158,,862,25,,,0,116,,863,27,,,0,117,,864,25,,,0,200,,865,27,,,0,106,,866,25,,,0,80,,867,25,,,0,113,,868,25,,,0
201,'4480',638,,91,24,,,0,66,,92,24,,,0,116,,90,24,,,0,26,,88,24,,,0,77,,93,25,,,0,30,,94,25,,,0,102,,95,27,,,0,68,,877,25,,,0,103,,878,27,,,0,98,,98,25,,,0,107,,879,27,,,0,18,,880,25,,,0,176,,882,27,,,0,297,,883,25,,,0
201,'4661',1558,,884,25,,,0,144,,885,25,,,0,100,,886,25,,,0,209,,887,25,,,0,114,,888,25,,,0
201,'4663',1558,,870,25,,,0,144,,871,25,,,0,100,,872,25,,,0,209,,873,25,,,0,114,,874,25,,,0,113,,875,24,,,0
201,'4674',1729,,123,25,,,0
201,'4676',1729,,124,25,,,0
1001,'4332',830,,937,39,,,0,378,,938,39,,,0,817,,939,39,,,0
1001,'4480',729,,940,39,,,0,105,,943,39,,,0,188,,941,39,,,0,504,,252,39,,,0,230,,942,39,,,0,89,,250,39,,,0,179,,944,39,,,0
1001,'4674',1346,,946,39,,,0
1001,'4676',1346,,945,39,,,0
