100,'4332',838,,819,18,,,0,75,,821,18,,,0,99,,822,25,,,0,37,,820,18,,,0,90,,823,18,,,0,115,,824,18,,,0,160,,825,18,,,0,120,,826,18,,,0,75,,827,18,,,0,108,,828,25,,,0,195,,829,18,,,0
100,'4480',1459,,20,7,0,23 16,0
100,'4663',1938,,831,18,,,0,115,,832,18,,,0,154,,833,18,,,0,104,,834,18,,,0
100,'5264',816,,12,18,,,0,33,,15,25,,,0,5,,24,7,0,23 16,0,71,,29,18,,,0,80,,25,18,,,0,147,,16,25,,,0,158,,18,18,,,0,14,,26,7,0,23 16,0,28,,19,25,,,0,248,,22,25,,,0,112,,27,25,,,0,95,,28,25,,,0,45,,23,25,,,0,86,,49,18,,,0,115,,50,18,,,0,154,,51,18,,,0
100,'5265',733,,52,25,,,0,302,,53,18,,,0,70,,54,25,,,0
100,'5266',816,,835,18,,,0,33,,836,25,,,0,5,,844,7,0,23 16,0,71,,849,18,,,0,80,,845,18,,,0,147,,837,25,,,0,158,,839,18,,,0,14,,846,7,0,23 16,0,28,,840,25,,,0,248,,842,25,,,0,112,,847,25,,,0,95,,848,25,,,0,45,,843,25,,,0
100,'5267',733,,850,25,,,0,302,,851,18,,,0,70,,852,25,,,0
100,'5268',1938,,854,18,,,0,115,,855,18,,,0,154,,856,18,,,0
100,'5270',733,,857,25,,,0,302,,858,18,,,0,70,,859,25,,,0
7601,'5271',949,,990,40,4,,0
