2000,'4614',605,,1348,1,,,0,225,,1349,1,,,0,325,,1350,1,,,0,585,,1351,1,,,0,160,,1352,1,,,0
2000,'5087',605,,1353,1,,,0,225,,1354,1,,,0,910,,1355,1,,,0,160,,1356,1,,,0
2000,'5284',644,,1360,1,,,0,506,,1362,1,,,0,485,,1361,1,0,24 25,0,205,,1359,1,,,0
2000,'5403',1155,,1365,1,,,0
2000,'5404',1155,,1366,1,,,0
2001,'4614',557,,1367,36,4,,0,260,,1368,36,4,,0,325,,1369,38,4,,0,588,,1370,43,4,,0,119,,1371,43,4,,0
2001,'5087',557,,1372,36,4,,0,260,,1373,36,4,,0,913,,1374,43,4,,0,119,,1375,43,4,,0
2001,'5284',630,,1380,36,4,,0,506,,1381,43,4,,0,491,,1378,43,4,,0,203,,1379,31,4,,0
2001,'5403',1142,,1384,38,4,,0
2001,'5404',1142,,1385,38,4,,0
5200,'5286',835,,1703,1,,,0,320,,1705,1,,,0,585,,1704,1,,,0
5200,'5296',835,,1706,1,,,0,320,,1708,1,,,0,585,,1707,1,,,0
5201,'5286',820,,1709,8,4,,0,320,,1711,8,4,,0,590,,1710,8,4,,0
5201,'5296',820,,1712,8,4,,0,320,,1714,8,4,,0,590,,1713,8,4,,0
