301,'4614',625,,1187,8,0,28 29,0,101,,1186,8,0,28 29,0,29,,1183,8,0,28 29,0,51,,1184,8,0,30,0,39,,1188,8,0,30,0,60,,1198,8,0,28 29,0,40,,1189,8,0,28 29,0,100,,1190,8,0,30,0,100,,1191,8,0,30,0,108,,1192,8,0,28 29,0,95,,1193,8,0,30,0,89,,1194,8,0,30,0,104,,1196,8,0,30,0,111,,1197,8,0,30,0,168,,1195,8,0,30,0
301,'4619',1625,,1199,8,0,30,0,101,,1200,8,0,30,0,194,,1201,8,0,28 29,0,115,,1202,8,0,28 29,0,115,,1203,8,0,28 29,0,105,,1204,8,0,28 29,0
301,'4623',1625,,1205,8,0,30,0,101,,1206,8,0,30,0,194,,1207,8,0,28 29,0,115,,1208,8,0,28 29,0,115,,1209,8,0,28 29,0,105,,1210,8,0,28 29,0
301,'4931',1625,,1211,8,0,30,0,101,,1212,8,0,30,0,194,,1213,8,0,28 29,0,115,,1214,8,0,28 29,0,115,,1215,8,0,28 29,0
301,'5087',625,,1217,8,0,28 29,0,101,,1216,8,0,28 29,0,119,,1218,8,0,30,0,975,,1219,8,0,30,0
301,'5274',1015,,1220,8,0,28 29,0
301,'5276',1015,,1221,8,0,28 29,0
301,'5284',820,,1222,8,0,28 29,0,35,,1224,8,0,28 29,0,176,,1223,8,0,28 29,0,90,,1226,8,0,28 29,0,115,,1225,8,0,28 29,0,120,,1227,8,0,28 29,0,160,,1228,8,0,28 29,0,35,,1229,8,0,28 29,0,303,,1230,8,0,28 29,0
301,'5291',1015,,1231,8,0,28 29,0
301,'5295',1015,,1232,8,0,28 29,0
301,'5403',755,,1233,8,0,28 29,0,51,,1234,8,0,30,0,99,,1249,8,0,28 29,0,40,,1236,8,0,28 29,0,100,,1237,8,0,30,0,100,,1238,8,0,30,0,108,,1239,8,0,28 29,0,95,,1240,8,0,30,0,89,,1241,8,0,30,0,104,,1244,8,0,30,0,84,,1242,8,0,30,0,27,,1246,8,0,30,0,74,,1243,8,0,30,0,194,,1245,8,0,28 29,0,115,,1247,8,0,28 29,0,115,,1248,8,0,28 29,0
301,'5404',755,,1250,8,0,28 29,0,51,,1251,8,0,30,0,99,,1261,8,0,28 29,0,40,,1253,8,0,28 29,0,100,,1254,8,0,30,0,100,,1255,8,0,30,0,108,,1256,8,0,28 29,0,95,,1257,8,0,30,0,89,,1258,8,0,30,0,104,,1259,8,0,30,0,111,,1260,8,0,30,0
301,'5405',1625,,1262,8,0,30,0,101,,1263,8,0,30,0,194,,1264,8,0,28 29,0,115,,1265,8,0,28 29,0,115,,1266,8,0,28 29,0
