201,'4614',632,,1104,16,,,0,27,,1105,16,,,0,153,,1103,16,,,0,28,,1101,16,,,0,77,,1106,17,,,0,30,,1107,17,,,0,102,,1108,19,,,0,68,,1109,17,,,0,106,,1110,19,,,0,96,,1111,17,,,0,106,,1112,19,,,0,19,,1113,17,,,0,177,,1115,19,,,0,296,,1116,17,,,0
201,'4619',1553,,1117,17,,,0,105,,1118,17,,,0,99,,1119,17,,,0,248,,1120,17,,,0,115,,1121,17,,,0,113,,1122,16,,,0
201,'4623',1553,,1123,17,,,0,105,,1124,17,,,0,99,,1125,17,,,0,248,,1126,17,,,0,115,,1127,17,,,0,113,,1128,16,,,0
201,'4931',1553,,1129,17,,,0,105,,1130,17,,,0,99,,1131,17,,,0,248,,1132,17,,,0,115,,1133,17,,,0
201,'5087',659,,1135,16,,,0,153,,1134,16,,,0,105,,1136,17,,,0
201,'5274',1725,,1137,17,,,0
201,'5276',1725,,1138,17,,,0
201,'5284',826,,1148,17,,,0,111,,1139,17,,,0,113,,1140,19,,,0,158,,1141,17,,,0,116,,1142,19,,,0,117,,1143,17,,,0,200,,1144,19,,,0,106,,1145,17,,,0,80,,1146,17,,,0,114,,1147,17,,,0
201,'5291',1725,,1149,17,,,0
201,'5295',1725,,1150,17,,,0
201,'5403',632,,1152,16,,,0,208,,1151,16,,,0,107,,1153,17,,,0,102,,1154,19,,,0,68,,1155,17,,,0,106,,1156,19,,,0,96,,1157,17,,,0,106,,1158,19,,,0,19,,1159,17,,,0,109,,1160,17,,,0,68,,1163,19,,,0,37,,1161,17,,,0,99,,1162,17,,,0,160,,1164,17,,,0,88,,1165,17,,,0,115,,1166,17,,,0
201,'5404',632,,1168,16,,,0,208,,1167,16,,,0,107,,1169,17,,,0,102,,1170,19,,,0,68,,1171,17,,,0,106,,1172,19,,,0,96,,1173,17,,,0,106,,1174,19,,,0,19,,1175,17,,,0,177,,1176,19,,,0,296,,1177,17,,,0
201,'5405',1553,,1178,17,,,0,105,,1179,17,,,0,99,,1180,17,,,0,248,,1181,17,,,0,115,,1182,17,,,0
