3301,'4614',829,,1463,3,4,,0,28,,1462,3,4,,0,272,,1461,3,4,,0,289,,1460,3,4,,0,211,,1458,3,4,,0
3301,'5087',829,,1470,3,4,,0,28,,1469,3,4,,0,272,,1468,3,4,,0,289,,1467,3,4,,0,211,,1465,3,4,,0
3301,'5284',1120,,1472,3,4,,0,325,,1473,3,4,,0,159,,1474,3,4,,0
9800,'4614',642,,1778,18,4,,0,88,,1774,18,4,,0,117,,1777,18,4,,0,181,,1775,18,4,,0,222,,1772,21,4,,0,352,,1773,27,4,,0,98,,1776,21,4,,0,48,,1771,18,4,,0
9800,'4619',1908,,1779,18,4,,0
9800,'4623',1908,,1780,18,4,,0
9800,'5087',642,,1788,18,4,,0,88,,1784,18,4,,0,117,,1787,18,4,,0,181,,1785,18,4,,0,222,,1782,21,4,,0,352,,1783,27,4,,0,98,,1786,21,4,,0,48,,1781,18,4,,0
9800,'5284',928,,1791,18,4,,0,384,,1789,18,4,,0,438,,1790,18,4,,0
9801,'4614',648,,1797,1,0,11,0,88,,1793,1,0,7 8 2 11 2 10,0,119,,1798,1,0,7 8 2 11 2 10,0,179,,1796,1,0,11,0,222,,1792,1,0,7 8 2 11 2 10,0,352,,1794,1,0,11,0,100,,1799,1,0,11,0,48,,1795,1,0,11,0
9801,'4619',1912,,1803,1,0,11,0
9801,'4623',1912,,1804,1,0,11,0
9801,'5087',648,,1810,1,0,11,0,88,,1806,1,0,7 8 2 11 2 10,0,119,,1811,1,0,7 8 2 11 2 10,0,179,,1809,1,0,11,0,222,,1805,1,0,7 8 2 11 2 10,0,352,,1807,1,0,11,0,100,,1812,1,0,11,0,48,,1808,1,0,11,0
9801,'5284',934,,1818,1,0,11,0,384,,1816,1,0,11,0,438,,1817,1,0,11,0
