301,'4614',630,,1187,15,0,28 29,0,102,,1186,15,0,28 29,0,69,,1183,15,0,28 29,0,12,,1184,15,0,13,0,39,,1188,15,0,13,0,59,,1198,15,0,28 29,0,40,,1189,15,0,28 29,0,101,,1190,15,0,13,0,100,,1191,15,0,13,0,107,,1192,15,0,28 29,0,96,,1193,15,0,13,0,89,,1194,15,0,13,0,103,,1196,15,0,13,0,111,,1197,15,0,13,0,168,,1195,15,0,13,0
301,'4619',1631,,1199,15,0,13,0,101,,1200,15,0,13,0,193,,1201,15,0,28 29,0,115,,1202,15,0,28 29,0,115,,1203,15,0,28 29,0,145,,1204,15,0,28 29,0
301,'4623',1631,,1205,15,0,13,0,101,,1206,15,0,13,0,193,,1207,15,0,28 29,0,115,,1208,15,0,28 29,0,115,,1209,15,0,28 29,0,145,,1210,15,0,28 29,0
301,'4931',1631,,1211,15,0,13,0,101,,1212,15,0,13,0,193,,1213,15,0,28 29,0,115,,1214,15,0,28 29,0,115,,1215,15,0,28 29,0
301,'5087',630,,1217,15,0,28 29,0,102,,1216,15,0,28 29,0,120,,1218,15,0,13,0,974,,1219,15,0,13,0
301,'5274',1021,,1220,15,0,28 29,0
301,'5276',1021,,1221,15,0,28 29,0
301,'5284',825,,1222,15,0,28 29,0,75,,1224,15,0,28 29,0,136,,1223,15,0,28 29,0,90,,1226,15,0,28 29,0,115,,1225,15,0,28 29,0,160,,1227,15,0,28 29,0,120,,1228,15,0,28 29,0,35,,1229,15,0,28 29,0,303,,1230,15,0,28 29,0
301,'5291',1021,,1231,15,0,28 29,0
301,'5295',1021,,1232,15,0,28 29,0
301,'5403',801,,1233,15,0,28 29,0,12,,1234,15,0,13,0,98,,1249,15,0,28 29,0,40,,1236,15,0,28 29,0,101,,1237,15,0,13,0,100,,1238,15,0,13,0,107,,1239,15,0,28 29,0,96,,1240,15,0,13,0,89,,1241,15,0,13,0,103,,1244,15,0,13,0,84,,1242,15,0,13,0,27,,1246,15,0,13,0,74,,1243,15,0,13,0,193,,1245,15,0,28 29,0,115,,1247,15,0,28 29,0,115,,1248,15,0,28 29,0
301,'5404',801,,1250,15,0,28 29,0,12,,1251,15,0,13,0,98,,1261,15,0,28 29,0,40,,1253,15,0,28 29,0,101,,1254,15,0,13,0,100,,1255,15,0,13,0,107,,1256,15,0,28 29,0,96,,1257,15,0,13,0,89,,1258,15,0,13,0,103,,1259,15,0,13,0,111,,1260,15,0,13,0
301,'5405',1631,,1262,15,0,13,0,101,,1263,15,0,13,0,193,,1264,15,0,28 29,0,115,,1265,15,0,28 29,0,115,,1266,15,0,28 29,0
