4300,'4614',1513,,1543,7,,,0
4301,'4614',826,,1575,29,,,0
4401,'4614',552,,1602,35,,,0,168,,1594,25,,,0,30,,1605,25,,,0,82,,1596,25,,,0,171,,1597,8,0,22 23 16,0,136,,1598,25,,,0,73,,1604,8,0,22 23 16,0,205,,1595,25,,,0,114,,1601,25,,,0,172,,1599,8,0,22 23 16,0,30,,1600,25,,,0,88,,1603,25,,,0
4401,'4619',2002,,1606,8,0,22 23 16,0
4401,'4623',2002,,1607,8,0,22 23 16,0
4401,'5087',552,,1616,35,,,0,168,,1608,25,,,0,30,,1619,25,,,0,82,,1610,25,,,0,171,,1611,8,0,22 23 16,0,136,,1612,25,,,0,73,,1618,8,0,22 23 16,0,205,,1609,25,,,0,114,,1615,25,,,0,172,,1613,8,0,22 23 16,0,30,,1614,25,,,0,88,,1617,25,,,0
4401,'5284',843,,1622,25,,,0,196,,1624,25,,,0,179,,1623,25,,,0,320,,1620,25,,,0,167,,1621,25,,,0
9800,'4614',1517,,1773,8,0,7 8 2 9 2 10,0
9800,'5087',1517,,1783,8,0,7 8 2 9 2 10,0
24004301,'4614',802,,1894,21,,,0
