4600,'4614',807,,1638,9,0,11,0,120,,1633,9,0,11,0,114,,1637,9,0,11,0,107,,1641,9,0,11,0,179,,1640,9,0,11,0,113,,1634,9,0,11,0,77,,1635,9,0,11,0,115,,1636,9,0,11,0,127,,1639,9,0,11,0,182,,1642,9,0,11,0
4600,'4619',2107,,1643,9,0,11,0
4600,'4623',2107,,1644,9,0,11,0
4600,'5087',807,,1650,9,0,11,0,120,,1645,9,0,11,0,114,,1649,9,0,11,0,107,,1653,9,0,11,0,179,,1652,9,0,11,0,113,,1646,9,0,11,0,77,,1647,9,0,11,0,115,,1648,9,0,11,0,127,,1651,9,0,11,0,182,,1654,9,0,11,0
4600,'5284',830,,1659,9,0,11,0,308,,1658,9,0,11,0,317,,1655,9,0,11,0,195,,1656,9,0,11,0
4601,'4614',851,,1660,10,,,0,154,,1667,15,,,0,107,,1669,10,,,0,139,,1668,15,,,0,153,,1661,10,,,0,35,,1664,10,,,0,116,,1662,15,,,0,168,,1663,10,,,0,183,,1670,10,,,0
4601,'4619',2032,,1671,10,,,0
4601,'4623',2032,,1672,10,,,0
4601,'5087',851,,1673,10,,,0,154,,1680,15,,,0,107,,1682,10,,,0,139,,1681,15,,,0,153,,1674,10,,,0,35,,1677,10,,,0,116,,1675,15,,,0,168,,1676,10,,,0,183,,1683,10,,,0
4601,'5284',1103,,1687,15,,,0,316,,1684,15,,,0,195,,1685,15,,,0,237,,1686,10,,,0
