2000,'4332',740,,952,39,,,0,506,,285,39,,,0,685,,283,31,,,0
2000,'4480',702,,287,39,,,0,224,,288,39,,,0,903,,290,31,,,0
2000,'5264',1250,,289,39,,,0,699,,291,31,,,0
2000,'5265',649,,297,2,,,0,160,,298,2,,,0
2000,'5266',1250,,953,39,,,0,699,,954,31,,,0
2000,'5267',649,,955,2,,,0,160,,956,2,,,0
2000,'5270',649,,957,2,,,0,160,,958,2,,,0
7401,'5269',956,,988,34,,,0
9900,'4332',958,,993,16,,,0,384,,994,16,,,0,479,,995,16,,,0
9900,'4480',759,,753,16,,,0,156,,754,16,,,0,141,,755,16,,,0,573,,757,16,,,0
9900,'5264',710,,752,16,,,0,608,,756,16,,,0,411,,758,16,,,0,89,,759,16,,,0
9900,'5266',710,,996,16,,,0,608,,997,16,,,0,411,,998,16,,,0,89,,999,16,,,0
