100,'4614',745,,1015,16,,,0,70,,1014,16,,,0,34,,1017,23,,,0,3,,1025,5,0,23 16,0,73,,1030,16,,,0,79,,1026,16,,,0,147,,1018,23,,,0,161,,1020,16,,,0,10,,1027,5,0,23 16,0,32,,1021,23,,,0,150,,1022,23,,,0,96,,1023,23,,,0,112,,1028,23,,,0,94,,1029,23,,,0,45,,1024,23,,,0
100,'4619',1937,,1032,16,,,0,115,,1033,16,,,0,153,,1034,16,,,0,105,,1035,16,,,0
100,'4623',1937,,1037,16,,,0,115,,1038,16,,,0,153,,1039,16,,,0,105,,1040,16,,,0
100,'4931',1937,,1042,16,,,0,115,,1043,16,,,0,153,,1044,16,,,0
100,'5087',745,,1045,16,,,0,855,,1047,23,,,0,112,,1048,23,,,0,94,,1049,23,,,0
100,'5274',1034,,1050,16,,,0,67,,1051,23,,,0
100,'5276',1034,,1052,16,,,0,67,,1053,23,,,0
100,'5284',837,,1054,16,,,0,75,,1056,16,,,0,99,,1057,23,,,0,37,,1055,16,,,0,90,,1058,16,,,0,115,,1059,16,,,0,160,,1060,16,,,0,120,,1061,16,,,0,75,,1062,16,,,0,108,,1063,23,,,0,195,,1064,16,,,0
100,'5291',1034,,1065,16,,,0,67,,1066,23,,,0
100,'5295',1034,,1067,16,,,0,67,,1068,23,,,0
100,'5403',815,,1069,16,,,0,34,,1070,23,,,0,3,,1081,5,0,23 16,0,73,,1084,16,,,0,79,,1082,16,,,0,147,,1071,23,,,0,161,,1073,16,,,0,10,,1083,5,0,23 16,0,32,,1074,23,,,0,150,,1075,23,,,0,347,,1077,23,,,0,86,,1078,16,,,0,115,,1079,16,,,0,153,,1080,16,,,0
100,'5404',815,,1085,16,,,0,34,,1086,23,,,0,3,,1093,5,0,23 16,0,73,,1096,16,,,0,79,,1094,16,,,0,147,,1087,23,,,0,161,,1089,16,,,0,10,,1095,5,0,23 16,0,32,,1090,23,,,0,150,,1091,23,,,0,347,,1092,23,,,0
100,'5405',1937,,1098,16,,,0,115,,1099,16,,,0,153,,1100,16,,,0
