100,'4614',639,,1016,10,,,0,103,,1015,10,,,0,70,,1014,10,,,0,34,,1017,17,,,0,76,,1030,10,,,0,79,,1026,10,,,0,127,,1019,17,,,0,20,,1018,17,,,0,161,,1020,10,,,0,42,,1021,17,,,0,150,,1022,17,,,0,56,,1023,17,,,0,152,,1028,17,,,0,94,,1029,17,,,0,45,,1024,17,,,0
100,'4619',1528,,1031,17,,,0,406,,1032,10,,,0,115,,1033,10,,,0,154,,1034,10,,,0,105,,1035,10,,,0
100,'4623',1528,,1036,17,,,0,406,,1037,10,,,0,115,,1038,10,,,0,154,,1039,10,,,0,105,,1040,10,,,0
100,'4931',1528,,1041,17,,,0,406,,1042,10,,,0,115,,1043,10,,,0,154,,1044,10,,,0
100,'5087',639,,1046,10,,,0,103,,1045,10,,,0,815,,1047,17,,,0,152,,1048,17,,,0,94,,1049,17,,,0
100,'5274',1031,,1050,10,,,0,27,,1051,17,,,0
100,'5276',1031,,1052,10,,,0,27,,1053,17,,,0
100,'5284',834,,1054,10,,,0,75,,1056,10,,,0,99,,1057,17,,,0,37,,1055,10,,,0,90,,1058,10,,,0,115,,1059,10,,,0,160,,1060,10,,,0,120,,1061,10,,,0,75,,1062,10,,,0,108,,1063,17,,,0,195,,1064,10,,,0
100,'5291',1031,,1065,10,,,0,27,,1066,17,,,0
100,'5295',1031,,1067,10,,,0,27,,1068,17,,,0
100,'5403',812,,1069,10,,,0,34,,1070,17,,,0,76,,1084,10,,,0,79,,1082,10,,,0,127,,1072,17,,,0,20,,1071,17,,,0,161,,1073,10,,,0,42,,1074,17,,,0,150,,1075,17,,,0,27,,1076,17,,,0,320,,1077,17,,,0,86,,1078,10,,,0,115,,1079,10,,,0,154,,1080,10,,,0
100,'5404',812,,1085,10,,,0,34,,1086,17,,,0,76,,1096,10,,,0,79,,1094,10,,,0,127,,1088,17,,,0,20,,1087,17,,,0,161,,1089,10,,,0,42,,1090,17,,,0,150,,1091,17,,,0,347,,1092,17,,,0
100,'5405',1528,,1097,17,,,0,406,,1098,10,,,0,115,,1099,10,,,0,154,,1100,10,,,0
