3101,'4332',912,,332,13,0,42 43,0,124,,329,13,0,42 43,0,188,,328,13,0,42 43,0,179,,331,28,0,42 43,0,149,,334,13,0,42 43,0
3101,'4480',722,,348,13,0,42 43,0,127,,346,28,0,42 43,0,157,,344,13,0,42 43,0,32,,345,28,0,42 43,0,75,,341,28,0,42 43,0,117,,343,13,0,42 43,0,108,,340,28,0,42 43,0,162,,339,28,0,42 43,0,30,,338,28,0,42 43,0,95,,336,28,0,42 43,0
3201,'4480',815,,373,31,0,42 43,0,632,,369,30,0,42 43,0,165,,370,30,0,42 43,0,46,,368,21,0,42 43,0,73,,366,22,0,42 43,0,100,,367,10,0,42 43,0
3300,'4332',1130,,384,4,,,0,325,,385,4,,,0,159,,386,4,,,0
3300,'4480',838,,392,4,,,0,72,,391,4,,,0,225,,390,4,,,0,289,,389,4,,,0,195,,387,4,,,0,27,,388,4,,,0
3400,'4332',917,,417,2,,,0,25,,417,26,,,0,101,,416,2,,,0,65,,416,26,,,0,300,,418,2,,,0,25,,418,26,,,0
3400,'4480',656,,429,2,,,0,65,,429,26,,,0,30,,427,2,,,0,65,,427,26,,,0,37,,428,2,,,0,65,,428,26,,,0,197,,426,2,,,0,25,,426,26,,,0,206,,425,2,,,0,58,,425,21,,,0,98,,424,2,,,0,25,,424,26,,,0,7,,423,2,,,0,18,,423,21,,,0,87,,421,2,,,0,18,,421,21,,,0,44,,422,2,,,0,25,,422,26,,,0,18,,419,2,,,0,58,,419,21,,,0,31,,420,2,,,0,18,,420,21,,,0
3601,'4480',813,,443,20,0,42 43,0,489,,442,18,0,42 43,0
3800,'4679',1001,,448,24,,,0,410,,447,24,,,0
9801,'4332',942,,730,4,0,11,0,1,,730,6,0,11,0,383,,728,4,0,11,0,1,,728,6,0,11,0,477,,729,4,0,11,0,1,,729,6,0,11,0
9801,'4480',656,,736,4,0,11,0,1,,736,6,0,11,0,87,,732,4,,,0,1,,732,6,,,0,157,,737,4,,,0,1,,737,6,,,0,136,,735,4,0,11,0,1,,735,6,0,11,0,264,,731,4,,,0,1,,731,6,,,0,311,,733,4,0,11,0,1,,733,6,0,11,0,99,,738,4,0,11,0,1,,738,6,0,11,0,87,,734,4,0,11,0,1,,734,6,0,11,0
9801,'4663',1920,,747,4,0,11,0,1,,747,6,0,11,0
