1000,'4332',1105,,929,41,,,0,500,,930,41,,,0,325,,931,41,,,0
1000,'4480',1425,,232,41,,,0,695,,234,41,,,0
1000,'5264',925,,230,41,,,0,729,,231,41,,,0,271,,233,41,,,0
1000,'5265',1245,,240,41,,,0
1000,'5266',925,,932,41,,,0,729,,933,41,,,0,271,,934,41,,,0
1000,'5267',1245,,935,41,,,0
1000,'5270',1245,,936,41,,,0
1001,'4332',759,,937,10,,,0,376,,938,10,,,0,819,,939,10,,,0
1001,'4480',1454,,252,10,,,0,360,,250,10,,,0
1001,'5264',659,,247,10,,,0,145,,251,10,,,0,145,,248,10,,,0,775,,249,10,,,0,230,,253,10,,,0
1001,'5265',1314,,261,10,,,0
1001,'5266',659,,940,10,,,0,145,,943,10,,,0,145,,941,10,,,0,775,,942,10,,,0,230,,944,10,,,0
1001,'5267',1314,,945,10,,,0
1001,'5270',1314,,946,10,,,0
24001000,'4480',1747,,791,36,,,0
