100,'4614',824,,1014,23,4,,0,13,,1017,1,0,29,0,13,,1025,1,0,23 16,0,8,,1017,30,4,,0,43,,1025,12,4,,0,33,,1030,23,4,,0,186,,1019,1,0,29 2 35 23,0,14,,1019,23,4,,0,6,,1018,1,0,29,0,180,,1027,1,0,23 16,0,22,,1021,1,0,29,0,110,,1022,1,0,29,0,96,,1023,1,0,29,0,152,,1028,1,0,29,0,55,,1029,1,0,29,0,85,,1024,1,0,29,0
100,'4619',1519,,1031,1,0,29 2 35 23,0
100,'4623',1519,,1036,1,0,29 2 35 23,0
100,'4931',1519,,1041,1,0,29 2 35 23,0
100,'5087',1548,,1047,1,0,29,0,152,,1048,1,0,29,0,55,,1049,1,0,29,0
100,'5274',1043,,1050,23,4,,0,7,,1051,1,0,29,0,60,,1051,30,4,,0
100,'5276',1043,,1052,23,4,,0,7,,1053,1,0,29,0,60,,1053,30,4,,0
100,'5284',1000,,1057,1,0,29,0,56,,1055,23,4,,0,485,,1061,23,4,,0,164,,1063,1,0,29,0
100,'5291',1043,,1065,23,4,,0,7,,1066,1,0,29,0,60,,1066,30,4,,0
100,'5295',1043,,1067,23,4,,0,7,,1068,1,0,29,0,60,,1068,30,4,,0
100,'5403',824,,1069,23,4,,0,13,,1070,1,0,29,0,13,,1081,1,0,23 16,0,8,,1070,30,4,,0,43,,1081,12,4,,0,33,,1084,23,4,,0,186,,1072,1,0,29 2 35 23,0,14,,1072,23,4,,0,6,,1071,1,0,29,0,180,,1083,1,0,23 16,0,22,,1074,1,0,29,0,110,,1075,1,0,29,0,67,,1076,1,0,29 2 35 23,0,321,,1077,1,0,29,0
100,'5404',824,,1085,23,4,,0,13,,1086,1,0,29,0,13,,1093,1,0,23 16,0,8,,1086,30,4,,0,43,,1093,12,4,,0,33,,1096,23,4,,0,186,,1088,1,0,29 2 35 23,0,14,,1088,23,4,,0,6,,1087,1,0,29,0,180,,1095,1,0,23 16,0,22,,1090,1,0,29,0,110,,1091,1,0,29,0,388,,1092,1,0,29,0
100,'5405',1519,,1097,1,0,29 2 35 23,0
201,'4614',717,,1105,31,4,,0,117,,1103,34,4,,0,102,,1106,32,4,,0,201,,1109,32,4,,0,107,,1110,34,4,,0,96,,1111,32,4,,0,164,,1113,32,4,,0,27,,1114,2,4,,0,109,,1115,34,4,,0
201,'4619',1613,,1117,32,4,,0,105,,1118,32,4,,0,96,,1119,32,4,,0,208,,1120,32,4,,0,115,,1121,32,4,,0,108,,1122,30,4,,0
201,'4623',1613,,1123,32,4,,0,105,,1124,32,4,,0,96,,1125,32,4,,0,208,,1126,32,4,,0,115,,1127,32,4,,0,108,,1128,30,4,,0
201,'4931',1613,,1129,32,4,,0,105,,1130,32,4,,0,96,,1131,32,4,,0,208,,1132,32,4,,0,115,,1133,32,4,,0
201,'5087',717,,1135,31,4,,0,109,,1134,30,4,,0,110,,1136,32,4,,0
201,'5274',1743,,1137,32,4,,0
201,'5276',1743,,1138,32,4,,0
201,'5284',957,,1139,32,4,,0,153,,1140,34,4,,0,118,,1141,32,4,,0,116,,1142,34,4,,0,157,,1143,32,4,,0,200,,1144,34,4,,0,145,,1146,32,4,,0
201,'5291',1743,,1149,32,4,,0
201,'5295',1743,,1150,32,4,,0
201,'5403',1137,,1155,32,4,,0,107,,1156,34,4,,0,96,,1157,32,4,,0,164,,1159,32,4,,0,109,,1160,32,4,,0,27,,1163,34,4,,0,78,,1161,32,4,,0,96,,1162,32,4,,0,208,,1165,32,4,,0,115,,1166,32,4,,0
201,'5404',1137,,1171,32,4,,0,107,,1172,34,4,,0,96,,1173,32,4,,0,164,,1175,32,4,,0,136,,1176,34,4,,0
201,'5405',1613,,1178,32,4,,0,105,,1179,32,4,,0,96,,1180,32,4,,0,208,,1181,32,4,,0,115,,1182,32,4,,0
301,'4614',620,,1187,1,0,28 29,0,100,,1186,1,0,28 29,0,15,,1185,1,0,5 6 16,0,14,,1183,1,0,28 29,0,51,,1184,1,0,30,0,40,,1188,1,0,30,0,60,,1198,1,0,28 29,0,40,,1189,1,0,28 29,0,100,,1190,1,0,30,0,100,,1191,1,0,30,0,108,,1192,1,0,28 29,0,95,,1193,1,0,30,0,58,,1193,19,4,,0,31,,1194,1,0,30,0,18,,1194,19,4,,0,85,,1196,1,0,30,0,112,,1197,1,0,30,0,168,,1195,1,0,30,0
301,'4619',1620,,1199,1,0,30,0,101,,1200,1,0,30,0,194,,1201,1,0,28 29,0,115,,1202,1,0,28 29,0,115,,1203,1,0,28 29,0,105,,1204,1,0,28 29,0
301,'4623',1620,,1205,1,0,30,0,101,,1206,1,0,30,0,194,,1207,1,0,28 29,0,115,,1208,1,0,28 29,0,115,,1209,1,0,28 29,0,105,,1210,1,0,28 29,0
301,'4931',1620,,1211,1,0,30,0,101,,1212,1,0,30,0,194,,1213,1,0,28 29,0,115,,1214,1,0,28 29,0,115,,1215,1,0,28 29,0
301,'5087',620,,1217,1,0,28 29,0,100,,1216,1,0,28 29,0,120,,1218,1,0,30,0,975,,1219,1,0,30,0
301,'5274',1010,,1220,1,0,28 29,0
301,'5276',1010,,1221,1,0,28 29,0
301,'5284',815,,1222,1,0,28 29,0,35,,1224,1,0,28 29,0,175,,1223,1,0,28 29,0,90,,1226,1,0,28 29,0,115,,1225,1,0,28 29,0,120,,1227,1,0,28 29,0,160,,1228,1,0,28 29,0,35,,1229,1,0,28 29,0,303,,1230,1,0,28 29,0
301,'5291',1010,,1231,1,0,28 29,0
301,'5295',1010,,1232,1,0,28 29,0
301,'5403',735,,1235,1,0,5 6 16,0,14,,1233,1,0,28 29,0,51,,1234,1,0,30,0,100,,1249,1,0,28 29,0,40,,1236,1,0,28 29,0,100,,1237,1,0,30,0,100,,1238,1,0,30,0,108,,1239,1,0,28 29,0,95,,1240,1,0,30,0,58,,1240,19,4,,0,31,,1241,1,0,30,0,18,,1241,19,4,,0,85,,1244,1,0,30,0,85,,1242,1,0,30,0,27,,1246,1,0,30,0,74,,1243,1,0,30,0,194,,1245,1,0,28 29,0,115,,1247,1,0,28 29,0,115,,1248,1,0,28 29,0
301,'5404',735,,1252,1,0,5 6 16,0,14,,1250,1,0,28 29,0,51,,1251,1,0,30,0,100,,1261,1,0,28 29,0,40,,1253,1,0,28 29,0,100,,1254,1,0,30,0,100,,1255,1,0,30,0,108,,1256,1,0,28 29,0,95,,1257,1,0,30,0,58,,1257,19,4,,0,31,,1258,1,0,30,0,18,,1258,19,4,,0,85,,1259,1,0,30,0,112,,1260,1,0,30,0
301,'5405',1620,,1262,1,0,30,0,101,,1263,1,0,30,0,194,,1264,1,0,28 29,0,115,,1265,1,0,28 29,0,115,,1266,1,0,28 29,0
400,'4619',1518,,1269,5,4,,0
400,'4623',1518,,1270,5,4,,0
400,'4931',1518,,1271,5,4,,0
400,'5403',1518,,1275,5,4,,0
400,'5405',1518,,1278,5,4,,0
1001,'4614',742,,1307,46,4,,0,105,,1311,46,4,,0,189,,1308,46,4,,0,773,,1309,46,4,,0
1001,'5087',1809,,1314,46,4,,0
1001,'5274',1359,,1317,46,4,,0
1001,'5276',1359,,1318,46,4,,0
1001,'5284',843,,1319,46,4,,0
1001,'5291',1359,,1322,46,4,,0
1001,'5295',1359,,1323,46,4,,0
1001,'5403',742,,1324,46,4,,0,105,,1327,46,4,,0,189,,1325,46,4,,0
1001,'5404',742,,1328,46,4,,0,105,,1331,46,4,,0,189,,1329,46,4,,0
1401,'4614',750,,1332,1,0,31,0
1401,'5087',750,,1333,1,0,31,0
1401,'5274',1112,,1334,1,0,31,0,634,,1335,1,0,31,0
1401,'5276',1112,,1336,1,0,31,0,634,,1337,1,0,31,0
1401,'5291',1112,,1338,1,0,31,0,634,,1339,1,0,31,0
1401,'5295',1112,,1340,1,0,31,0,634,,1341,1,0,31,0
1500,'5274',830,,1342,1,,,0,12,,1342,6,4,,0,563,,1343,1,,,0,12,,1343,6,4,,0,233,,1344,1,,,0
1500,'5295',830,,1345,1,,,0,12,,1345,6,4,,0,563,,1346,1,,,0,12,,1346,6,4,,0,233,,1347,1,,,0
2000,'4614',727,,1348,51,4,,0,225,,1349,51,4,,0,362,,1350,51,4,,0,690,,1352,41,4,,0
2000,'5087',727,,1353,51,4,,0,225,,1354,51,4,,0,1052,,1356,41,4,,0
2000,'5274',823,,1357,13,4,,0
2000,'5276',823,,1358,13,4,,0
2000,'5291',823,,1363,13,4,,0
2000,'5295',823,,1364,13,4,,0
2000,'5403',1314,,1365,51,4,,0
2000,'5404',1314,,1366,51,4,,0
7201,'5276',720,,1738,4,0,36,0,526,,1737,4,,,0,470,,1739,4,,,0
7201,'5291',720,,1741,4,0,36,0,526,,1740,4,,,0,470,,1742,4,,,0
7401,'5278',1011,,1745,45,4,,0
7401,'5292',1011,,1746,45,4,,0
7601,'5281',943,,1761,37,4,,0
7601,'5294',943,,1767,37,4,,0
9900,'4614',730,,1820,26,4,,0,203,,1822,26,4,,0,182,,1823,26,4,,0,223,,1824,26,4,,0,409,,1826,26,4,,0,89,,1827,26,4,,0
9900,'5087',933,,1828,26,4,,0,182,,1829,26,4,,0,632,,1830,26,4,,0
9900,'5284',1017,,1831,26,4,,0
9900,'5403',730,,1834,26,4,,0,608,,1836,26,4,,0,498,,1838,26,4,,0
9900,'5404',730,,1839,26,4,,0,608,,1841,26,4,,0,498,,1843,26,4,,0
18000201,'4614',1545,,1868,19,4,,0
18000201,'5087',1545,,1869,19,4,,0
