1000,'4614',911,,1289,22,,,0,500,,1291,22,,,0,227,,1290,22,,,0,272,,1292,22,,,0,196,,1293,22,,,0
1000,'5087',1411,,1295,22,,,0,227,,1294,22,,,0,272,,1296,22,,,0,196,,1297,22,,,0
1000,'5274',1231,,1298,22,,,0
1000,'5276',1231,,1299,22,,,0
1000,'5284',1049,,1300,22,,,0,500,,1301,22,,,0,365,,1302,22,,,0
1000,'5291',1231,,1303,22,,,0
1000,'5295',1231,,1304,22,,,0
1000,'5403',911,,1305,22,,,0
1000,'5404',911,,1306,22,,,0
24001000,'4614',1730,,1871,17,,,0
24001000,'5403',1730,,1875,17,,,0
24001000,'5404',1730,,1878,17,,,0
