4101,'4332',850,,453,1,,,0,54,,453,12,4,,0,333,,451,1,,,0,14,,451,12,4,,0,292,,452,1,,,0,14,,452,12,4,,0
4101,'4480',745,,454,1,,,0,14,,454,12,4,,0,76,,456,1,,,0,14,,456,12,4,,0,296,,457,1,,,0,14,,457,12,4,,0,271,,455,1,,,0,14,,455,12,4,,0,212,,458,1,,,0,54,,458,12,4,,0,33,,459,1,,,0,14,,459,12,4,,0
4200,'4332',907,,468,1,,,0,10,,468,10,4,,0,118,,467,1,,,0,10,,467,10,4,,0,501,,466,1,,,0,10,,466,10,4,,0
4200,'4480',819,,472,1,,,0,10,,472,10,4,,0,216,,469,1,,,0,11,,469,10,4,,0,394,,470,1,,,0,51,,470,10,4,,0,154,,471,1,,,0,51,,471,10,4,,0
4500,'4480',556,,575,1,,,0,64,,575,15,4,,0,11,,577,1,,,0,16,,576,12,4,,0,8,,577,15,4,,0,877,,578,8,4,,0
4601,'4332',746,,616,1,,,0,301,,615,1,,,0,356,,612,1,,,0,155,,613,1,,,0,283,,614,1,,,0
4601,'4480',551,,622,1,,,0,179,,623,1,,,0,107,,617,1,,,0,111,,624,1,,,0,111,,626,1,,,0,171,,625,1,,,0,120,,618,1,,,0,75,,621,1,,,0,110,,619,1,,,0,181,,620,1,,,0,137,,627,1,,,0
4601,'4663',2015,,639,1,,,0
9800,'4332',852,,709,1,,,0,384,,707,1,,,0,478,,708,1,,,0
9800,'4480',604,,715,1,,,0,48,,713,1,,,0,153,,716,1,,,0,141,,714,1,,,0,259,,711,1,0,7 8 2 9 2 10,0,303,,712,1,0,7 8 2 9 2 10,0,107,,717,1,0,7 8 2 9 2 10,0,94,,710,1,,,0
9800,'4663',1832,,726,1,,,0
9801,'4332',1013,,730,22,4,,0,345,,728,22,4,,0,477,,729,22,4,,0
9801,'4480',728,,736,22,4,,0,95,,732,25,4,,0,116,,737,25,4,,0,171,,735,22,4,,0,233,,731,25,4,,0,308,,733,22,4,,0,99,,738,22,4,,0,86,,734,22,4,,0
9801,'4663',1950,,747,22,4,,0
