1000,'4332',1054,,929,29,,,0,500,,930,29,,,0,365,,931,29,,,0
1000,'4480',1414,,232,29,,,0,695,,234,29,,,0
1000,'5264',914,,230,29,,,0,729,,231,29,,,0,271,,233,29,,,0
1000,'5265',1234,,240,29,,,0
1000,'5266',914,,932,29,,,0,729,,933,29,,,0,271,,934,29,,,0
1000,'5267',1234,,935,29,,,0
1000,'5270',1234,,936,29,,,0
7600,'5271',1030,,989,21,,,0
24001000,'4332',728,,1008,17,,,0
24001000,'4480',1736,,791,24,,,0
24001000,'5264',630,,790,17,,,0,105,,792,17,,,0
24001000,'5266',630,,1009,17,,,0,105,,1010,17,,,0
