201,'4614',635,,1104,21,,,0,68,,1105,21,,,0,112,,1103,21,,,0,29,,1101,21,,,0,77,,1106,22,,,0,29,,1107,22,,,0,102,,1108,24,,,0,69,,1109,22,,,0,105,,1110,24,,,0,97,,1111,22,,,0,105,,1112,24,,,0,20,,1113,22,,,0,176,,1115,24,,,0,296,,1116,22,,,0
201,'4619',1557,,1117,22,,,0,145,,1118,22,,,0,98,,1119,22,,,0,208,,1120,22,,,0,115,,1121,22,,,0,113,,1122,21,,,0
201,'4623',1557,,1123,22,,,0,145,,1124,22,,,0,98,,1125,22,,,0,208,,1126,22,,,0,115,,1127,22,,,0,113,,1128,21,,,0
201,'4931',1557,,1129,22,,,0,145,,1130,22,,,0,98,,1131,22,,,0,208,,1132,22,,,0,115,,1133,22,,,0
201,'5087',703,,1135,21,,,0,112,,1134,21,,,0,106,,1136,22,,,0
201,'5274',1728,,1137,22,,,0
201,'5276',1728,,1138,22,,,0
201,'5284',829,,1148,22,,,0,112,,1139,22,,,0,112,,1140,24,,,0,159,,1141,22,,,0,115,,1142,24,,,0,118,,1143,22,,,0,199,,1144,24,,,0,107,,1145,22,,,0,80,,1146,22,,,0,113,,1147,22,,,0
201,'5291',1728,,1149,22,,,0
201,'5295',1728,,1150,22,,,0
201,'5403',635,,1152,21,,,0,209,,1151,21,,,0,106,,1153,22,,,0,102,,1154,24,,,0,69,,1155,22,,,0,105,,1156,24,,,0,97,,1157,22,,,0,105,,1158,24,,,0,20,,1159,22,,,0,109,,1160,22,,,0,67,,1163,24,,,0,78,,1161,22,,,0,98,,1162,22,,,0,120,,1164,22,,,0,88,,1165,22,,,0,115,,1166,22,,,0
201,'5404',635,,1168,21,,,0,209,,1167,21,,,0,106,,1169,22,,,0,102,,1170,24,,,0,69,,1171,22,,,0,105,,1172,24,,,0,97,,1173,22,,,0,105,,1174,24,,,0,20,,1175,22,,,0,176,,1176,24,,,0,296,,1177,22,,,0
201,'5405',1557,,1178,22,,,0,145,,1179,22,,,0,98,,1180,22,,,0,208,,1181,22,,,0,115,,1182,22,,,0
1001,'4614',728,,1307,36,,,0,105,,1311,36,,,0,187,,1308,36,,,0,503,,1312,36,,,0,231,,1309,36,,,0,89,,1310,36,,,0,179,,1313,36,,,0
1001,'5087',1523,,1315,36,,,0,231,,1314,36,,,0,268,,1316,36,,,0
1001,'5274',1343,,1317,36,,,0
1001,'5276',1343,,1318,36,,,0
1001,'5284',828,,1319,36,,,0,378,,1320,36,,,0,817,,1321,36,,,0
1001,'5291',1343,,1322,36,,,0
1001,'5295',1343,,1323,36,,,0
1001,'5403',728,,1324,36,,,0,105,,1327,36,,,0,187,,1325,36,,,0,823,,1326,36,,,0
1001,'5404',728,,1328,36,,,0,105,,1331,36,,,0,187,,1329,36,,,0,823,,1330,36,,,0
