301,'4614',622,,1187,4,0,28 29,0,100,,1186,4,0,28 29,0,15,,1185,4,0,5 6 16,0,14,,1183,4,0,28 29,0,51,,1184,4,0,30,0,40,,1188,4,0,30,0,60,,1198,4,0,28 29,0,40,,1189,4,0,28 29,0,100,,1190,4,0,30,0,100,,1191,4,0,30,0,108,,1192,4,0,28 29,0,95,,1193,4,0,30,0,89,,1194,4,0,30,0,103,,1196,4,0,30,0,112,,1197,4,0,30,0,168,,1195,4,0,30,0
301,'4619',1622,,1199,4,0,30,0,101,,1200,4,0,30,0,194,,1201,4,0,28 29,0,115,,1202,4,0,28 29,0,115,,1203,4,0,28 29,0,105,,1204,4,0,28 29,0
301,'4623',1622,,1205,4,0,30,0,101,,1206,4,0,30,0,194,,1207,4,0,28 29,0,115,,1208,4,0,28 29,0,115,,1209,4,0,28 29,0,105,,1210,4,0,28 29,0
301,'4931',1622,,1211,4,0,30,0,101,,1212,4,0,30,0,194,,1213,4,0,28 29,0,115,,1214,4,0,28 29,0,115,,1215,4,0,28 29,0
301,'5087',622,,1217,4,0,28 29,0,100,,1216,4,0,28 29,0,120,,1218,4,0,30,0,975,,1219,4,0,30,0
301,'5274',1012,,1220,4,0,28 29,0
301,'5276',1012,,1221,4,0,28 29,0
301,'5284',817,,1222,4,0,28 29,0,35,,1224,4,0,28 29,0,175,,1223,4,0,28 29,0,90,,1226,4,0,28 29,0,115,,1225,4,0,28 29,0,120,,1227,4,0,28 29,0,160,,1228,4,0,28 29,0,35,,1229,4,0,28 29,0,303,,1230,4,0,28 29,0
301,'5291',1012,,1231,4,0,28 29,0
301,'5295',1012,,1232,4,0,28 29,0
301,'5403',737,,1235,4,0,5 6 16,0,14,,1233,4,0,28 29,0,51,,1234,4,0,30,0,100,,1249,4,0,28 29,0,40,,1236,4,0,28 29,0,100,,1237,4,0,30,0,100,,1238,4,0,30,0,108,,1239,4,0,28 29,0,95,,1240,4,0,30,0,89,,1241,4,0,30,0,103,,1244,4,0,30,0,85,,1242,4,0,30,0,27,,1246,4,0,30,0,74,,1243,4,0,30,0,194,,1245,4,0,28 29,0,115,,1247,4,0,28 29,0,115,,1248,4,0,28 29,0
301,'5404',737,,1252,4,0,5 6 16,0,14,,1250,4,0,28 29,0,51,,1251,4,0,30,0,100,,1261,4,0,28 29,0,40,,1253,4,0,28 29,0,100,,1254,4,0,30,0,100,,1255,4,0,30,0,108,,1256,4,0,28 29,0,95,,1257,4,0,30,0,89,,1258,4,0,30,0,103,,1259,4,0,30,0,112,,1260,4,0,30,0
301,'5405',1622,,1262,4,0,30,0,101,,1263,4,0,30,0,194,,1264,4,0,28 29,0,115,,1265,4,0,28 29,0,115,,1266,4,0,28 29,0
1500,'5274',832,,1342,4,,,0,575,,1343,4,,,0,245,,1344,4,,,0
1500,'5295',832,,1345,4,,,0,575,,1346,4,,,0,245,,1347,4,,,0
7201,'5276',721,,1738,7,0,36,0,527,,1737,7,,,0,470,,1739,7,,,0
7201,'5291',721,,1741,7,0,36,0,527,,1740,7,,,0,470,,1742,7,,,0
