1000,'4332',1112,,929,47,,,0,500,,930,47,,,0,325,,931,47,,,0
1000,'4480',1432,,232,47,,,0,695,,234,47,,,0
1000,'5264',932,,230,47,,,0,769,,231,47,,,0,231,,233,47,,,0
1000,'5265',1252,,240,47,,,0
1000,'5266',932,,932,47,,,0,769,,933,47,,,0,231,,934,47,,,0
1000,'5267',1252,,935,47,,,0
1000,'5270',1252,,936,47,,,0
7600,'5271',1046,,989,38,,,0
24001000,'4332',743,,1008,34,,,0
24001000,'4480',1754,,791,42,,,0
24001000,'5264',645,,790,34,,,0,105,,792,34,,,0
24001000,'5266',645,,1009,34,,,0,105,,1010,34,,,0
