1000,'4332',1106,,929,42,,,0,500,,930,42,,,0,325,,931,42,,,0
1000,'4480',1426,,232,42,,,0,695,,234,42,,,0
1000,'5264',926,,230,42,,,0,729,,231,42,,,0,271,,233,42,,,0
1000,'5265',1246,,240,42,,,0
1000,'5266',926,,932,42,,,0,729,,933,42,,,0,271,,934,42,,,0
1000,'5267',1246,,935,42,,,0
1000,'5270',1246,,936,42,,,0
7600,'5271',1041,,989,33,,,0
24001000,'4332',738,,1008,29,,,0
24001000,'4480',1748,,791,37,,,0
24001000,'5264',640,,790,29,,,0,105,,792,29,,,0
24001000,'5266',640,,1009,29,,,0,105,,1010,29,,,0
