201,'4332',818,,869,6,0,32,0,110,,860,6,0,32,0,110,,861,6,0,32,0,121,,862,6,0,32,0,153,,863,6,0,32,0,120,,864,6,0,32,0,197,,865,6,0,32,0,109,,866,6,0,32,0,80,,867,6,0,32,0,115,,868,6,0,32,0
201,'4480',624,,91,5,0,32,0,27,,92,5,0,32,0,155,,90,5,0,32,0,26,,88,5,0,32,0,76,,93,6,0,32,0,30,,94,6,0,32,0,100,,95,6,0,32,0,271,,98,6,0,32,0
201,'4663',1544,,870,6,0,32,0,104,,871,6,0,32,0,100,,872,6,0,32,0,209,,873,6,0,32,0,155,,874,6,0,32,0,113,,875,5,0,32,0
201,'4674',1715,,123,6,0,32,0
201,'4676',1715,,124,6,0,32,0
201,'5264',826,,89,2,0,38 39,0,282,,96,6,0,32,0,101,,97,6,0,32,0,205,,99,6,0,32,0,20,,100,6,0,32,0,110,,118,6,0,32,0,64,,102,6,0,32,0,40,,119,6,0,32,0,100,,120,6,0,32,0,160,,103,6,0,32,0,49,,121,6,0,32,0,155,,122,6,0,32,0
201,'5266',826,,876,2,0,38 39,0,282,,877,6,0,32,0,101,,878,6,0,32,0,205,,879,6,0,32,0,20,,880,6,0,32,0,174,,882,6,0,32,0,300,,883,6,0,32,0
201,'5268',1544,,884,6,0,32,0,104,,885,6,0,32,0,100,,886,6,0,32,0,209,,887,6,0,32,0,155,,888,6,0,32,0
1000,'4332',1031,,929,6,,,0,498,,930,6,,,0,326,,931,6,,,0
1000,'4480',1350,,232,6,,,0,696,,234,6,,,0
1000,'5264',851,,230,6,,,0,768,,231,6,,,0,232,,233,6,,,0
1000,'5265',1211,,240,6,,,0
1000,'5266',851,,932,6,,,0,768,,933,6,,,0,232,,934,6,,,0
1000,'5267',1211,,935,6,,,0
1000,'5270',1211,,936,6,,,0
7600,'5271',1013,,989,7,,,0
18000201,'5264',1522,,787,5,0,32 2 33 34,0
18000201,'5266',1522,,1007,5,0,32 2 33 34,0
24001000,'4332',712,,1008,3,,,0
24001000,'4480',1713,,791,6,,,0
24001000,'5264',614,,790,3,,,0,105,,792,3,,,0
24001000,'5266',614,,1009,3,,,0,105,,1010,3,,,0
