100,'4332',841,,819,20,,,0,75,,821,20,,,0,99,,822,27,,,0,37,,820,20,,,0,90,,823,20,,,0,115,,824,20,,,0,160,,825,20,,,0,120,,826,20,,,0,75,,827,20,,,0,108,,828,27,,,0,195,,829,20,,,0
100,'4480',1503,,20,9,,,0
100,'4663',1941,,831,20,,,0,115,,832,20,,,0,154,,833,20,,,0,104,,834,20,,,0
100,'5264',819,,12,20,,,0,33,,15,27,,,0,5,,24,9,,,0,71,,29,20,,,0,81,,25,20,,,0,147,,16,27,,,0,158,,18,20,,,0,14,,26,9,,,0,28,,19,27,,,0,248,,22,27,,,0,112,,27,27,,,0,95,,28,27,,,0,44,,23,27,,,0,86,,49,20,,,0,115,,50,20,,,0,154,,51,20,,,0
100,'5265',737,,52,27,,,0,301,,53,20,,,0,70,,54,27,,,0
100,'5266',819,,835,20,,,0,33,,836,27,,,0,5,,844,9,,,0,71,,849,20,,,0,81,,845,20,,,0,147,,837,27,,,0,158,,839,20,,,0,14,,846,9,,,0,28,,840,27,,,0,248,,842,27,,,0,112,,847,27,,,0,95,,848,27,,,0,44,,843,27,,,0
100,'5267',737,,850,27,,,0,301,,851,20,,,0,70,,852,27,,,0
100,'5268',1941,,854,20,,,0,115,,855,20,,,0,154,,856,20,,,0
100,'5270',737,,857,27,,,0,301,,858,20,,,0,70,,859,27,,,0
201,'4480',830,,90,29,,,0
