1000,'4614',935,,1289,48,,,0,500,,1291,48,,,0,269,,1290,48,,,0,230,,1292,48,,,0,196,,1293,48,,,0
1000,'5087',1435,,1295,48,,,0,269,,1294,48,,,0,230,,1296,48,,,0,196,,1297,48,,,0
1000,'5274',1255,,1298,48,,,0
1000,'5276',1255,,1299,48,,,0
1000,'5284',1114,,1300,48,,,0,500,,1301,48,,,0,325,,1302,48,,,0
1000,'5291',1255,,1303,48,,,0
1000,'5295',1255,,1304,48,,,0
1000,'5403',935,,1305,48,,,0
1000,'5404',935,,1306,48,,,0
7600,'5281',1048,,1749,39,,,0
7600,'5294',1048,,1755,39,,,0
24001000,'4614',647,,1870,35,,,0,105,,1872,35,,,0,1004,,1871,43,,,0
24001000,'5284',745,,1873,35,,,0
24001000,'5403',647,,1874,35,,,0,105,,1876,35,,,0,1004,,1875,43,,,0
24001000,'5404',647,,1877,35,,,0,105,,1879,35,,,0,1004,,1878,43,,,0
