201,'4614',628,,1104,11,0,32,0,27,,1105,11,0,32,0,152,,1103,11,0,32,0,29,,1101,11,0,32,0,77,,1106,12,0,32,0,30,,1107,12,0,32,0,99,,1108,12,0,32,0,71,,1109,12,0,32,0,103,,1110,12,0,32,0,99,,1111,12,0,32,0,103,,1112,12,0,32,0,22,,1113,12,0,32,0,174,,1115,12,0,32,0,299,,1116,12,0,32,0
201,'4619',1549,,1117,12,0,32,0,105,,1118,12,0,32,0,99,,1119,12,0,32,0,248,,1120,12,0,32,0,115,,1121,12,0,32,0,113,,1122,11,0,32,0
201,'4623',1549,,1123,12,0,32,0,105,,1124,12,0,32,0,99,,1125,12,0,32,0,248,,1126,12,0,32,0,115,,1127,12,0,32,0,113,,1128,11,0,32,0
201,'4931',1549,,1129,12,0,32,0,105,,1130,12,0,32,0,99,,1131,12,0,32,0,248,,1132,12,0,32,0,115,,1133,12,0,32,0
201,'5087',655,,1135,11,0,32,0,152,,1134,11,0,32,0,106,,1136,12,0,32,0
201,'5274',1721,,1137,12,0,32,0
201,'5276',1721,,1138,12,0,32,0
201,'5284',822,,1148,12,0,32,0,111,,1139,12,0,32,0,110,,1140,12,0,32,0,161,,1141,12,0,32,0,113,,1142,12,0,32,0,120,,1143,12,0,32,0,197,,1144,12,0,32,0,109,,1145,12,0,32,0,80,,1146,12,0,32,0,114,,1147,12,0,32,0
201,'5291',1721,,1149,12,0,32,0
201,'5295',1721,,1150,12,0,32,0
201,'5403',628,,1152,11,0,32,0,208,,1151,11,0,32,0,107,,1153,12,0,32,0,99,,1154,12,0,32,0,71,,1155,12,0,32,0,103,,1156,12,0,32,0,99,,1157,12,0,32,0,103,,1158,12,0,32,0,22,,1159,12,0,32,0,109,,1160,12,0,32,0,65,,1163,12,0,32,0,40,,1161,12,0,32,0,99,,1162,12,0,32,0,160,,1164,12,0,32,0,88,,1165,12,0,32,0,115,,1166,12,0,32,0
201,'5404',628,,1168,11,0,32,0,208,,1167,11,0,32,0,107,,1169,12,0,32,0,99,,1170,12,0,32,0,71,,1171,12,0,32,0,103,,1172,12,0,32,0,99,,1173,12,0,32,0,103,,1174,12,0,32,0,22,,1175,12,0,32,0,174,,1176,12,0,32,0,299,,1177,12,0,32,0
201,'5405',1549,,1178,12,0,32,0,105,,1179,12,0,32,0,99,,1180,12,0,32,0,248,,1181,12,0,32,0,115,,1182,12,0,32,0
18000201,'4614',1533,,1868,13,0,32 2 33 34,0
18000201,'5087',1533,,1869,13,0,32 2 33 34,0
