5100,'4619',1100,,1690,1,,,0,40,,1690,4,4,,0,160,,1689,1,,,0,40,,1689,4,4,,0
5100,'4623',1100,,1692,1,,,0,40,,1692,4,4,,0,160,,1691,1,,,0,40,,1691,4,4,,0
5100,'5286',1330,,1693,1,,,0,80,,1693,4,4,,0,105,,1694,1,,,0,40,,1694,4,4,,0
5100,'5296',1330,,1695,1,,,0,80,,1695,4,4,,0,105,,1696,1,,,0,40,,1696,4,4,,0
5100,'5299',1315,,1697,1,,,0,40,,1697,4,4,,0,160,,1698,1,,,0,40,,1698,4,4,,0
5100,'5403',1315,,1699,1,,,0,40,,1699,4,4,,0,160,,1700,1,,,0,40,,1700,4,4,,0
5100,'5406',1315,,1701,1,,,0,40,,1701,4,4,,0,160,,1702,1,,,0,40,,1702,4,4,,0
5201,'5286',706,,1709,2,,,0,320,,1711,2,,,0,590,,1710,2,,,0
5201,'5296',706,,1712,2,,,0,320,,1714,2,,,0,590,,1713,2,,,0
5301,'4619',746,,1719,2,,,0,600,,1720,2,,,0
5301,'4623',746,,1721,2,,,0,600,,1722,2,,,0
7401,'5278',751,,1745,2,,,0
7401,'5292',751,,1746,2,,,0
