1001,'4614',720,,1307,29,,,0,105,,1311,29,,,0,186,,1308,29,,,0,504,,1312,29,,,0,231,,1309,29,,,0,89,,1310,29,,,0,179,,1313,29,,,0
1001,'5087',1515,,1315,29,,,0,231,,1314,29,,,0,268,,1316,29,,,0
1001,'5274',1335,,1317,29,,,0
1001,'5276',1335,,1318,29,,,0
1001,'5284',820,,1319,29,,,0,337,,1320,29,,,0,858,,1321,29,,,0
1001,'5291',1335,,1322,29,,,0
1001,'5295',1335,,1323,29,,,0
1001,'5403',720,,1324,29,,,0,105,,1327,29,,,0,186,,1325,29,,,0,824,,1326,29,,,0
1001,'5404',720,,1328,29,,,0,105,,1331,29,,,0,186,,1329,29,,,0,824,,1330,29,,,0
7601,'5281',928,,1761,28,,,0
7601,'5294',928,,1767,28,,,0
24001001,'4614',2200,,1880,23,,,0
24001001,'5087',2200,,1881,23,,,0
24001001,'5284',1651,,1882,23,,,0
