1000,'4614',909,,1289,21,,,0,500,,1291,21,,,0,226,,1290,21,,,0,273,,1292,21,,,0,196,,1293,21,,,0
1000,'5087',1409,,1295,21,,,0,226,,1294,21,,,0,273,,1296,21,,,0,196,,1297,21,,,0
1000,'5274',1229,,1298,21,,,0
1000,'5276',1229,,1299,21,,,0
1000,'5284',1046,,1300,21,,,0,500,,1301,21,,,0,365,,1302,21,,,0
1000,'5291',1229,,1303,21,,,0
1000,'5295',1229,,1304,21,,,0
1000,'5403',909,,1305,21,,,0
1000,'5404',909,,1306,21,,,0
7600,'5281',1023,,1749,17,,,0
7600,'5294',1023,,1755,17,,,0
24001000,'4614',623,,1870,13,,,0,105,,1872,13,,,0,999,,1871,16,,,0
24001000,'5284',721,,1873,13,,,0
24001000,'5403',623,,1874,13,,,0,105,,1876,13,,,0,999,,1875,16,,,0
24001000,'5404',623,,1877,13,,,0,105,,1879,13,,,0,999,,1878,16,,,0
