1001,'4614',701,,1307,12,,,0,105,,1311,12,,,0,145,,1308,12,,,0,505,,1312,12,,,0,270,,1309,12,,,0,90,,1310,12,,,0,140,,1313,12,,,0
1001,'5087',1456,,1315,12,,,0,270,,1314,12,,,0,230,,1316,12,,,0
1001,'5274',1316,,1317,12,,,0
1001,'5276',1316,,1318,12,,,0
1001,'5284',801,,1319,12,,,0,336,,1320,12,,,0,819,,1321,12,,,0
1001,'5291',1316,,1322,12,,,0
1001,'5295',1316,,1323,12,,,0
1001,'5403',701,,1324,12,,,0,105,,1327,12,,,0,145,,1325,12,,,0,865,,1326,12,,,0
1001,'5404',701,,1328,12,,,0,105,,1331,12,,,0,145,,1329,12,,,0,865,,1330,12,,,0
7601,'5281',913,,1761,16,,,0
7601,'5294',913,,1767,16,,,0
24001001,'4614',2144,,1880,11,,,0
24001001,'5087',2144,,1881,11,,,0
24001001,'5284',1630,,1882,11,,,0
