2000,'4332',749,,952,44,,,0,506,,285,44,,,0,685,,283,36,,,0
2000,'4480',707,,287,43,,,0,228,,288,44,,,0,899,,290,35,,,0
2000,'5264',1259,,289,44,,,0,695,,291,35,,,0
2000,'5265',658,,297,7,,,0,160,,298,7,,,0
2000,'5266',1259,,953,44,,,0,695,,954,35,,,0
2000,'5267',658,,955,7,,,0,160,,956,7,,,0
2000,'5270',658,,957,7,,,0,160,,958,7,,,0
7401,'5269',1001,,988,38,,,0
9900,'4332',1003,,993,20,,,0,344,,994,20,,,0,479,,995,20,,,0
9900,'4480',804,,753,20,,,0,116,,754,20,,,0,181,,755,20,,,0,533,,757,20,,,0
9900,'5264',715,,752,20,,,0,608,,756,20,,,0,411,,758,20,,,0,89,,759,20,,,0
9900,'5266',715,,996,20,,,0,608,,997,20,,,0,411,,998,20,,,0,89,,999,20,,,0
