301,'4614',622,,1187,5,0,28 29,0,101,,1186,5,0,28 29,0,15,,1185,5,0,5 6 16,0,14,,1183,5,0,28 29,0,51,,1184,5,0,30,0,39,,1188,5,0,30,0,60,,1198,5,0,28 29,0,40,,1189,5,0,28 29,0,100,,1190,5,0,30,0,100,,1191,5,0,30,0,108,,1192,5,0,28 29,0,95,,1193,5,0,30,0,89,,1194,5,0,30,0,104,,1196,5,0,30,0,111,,1197,5,0,30,0,168,,1195,5,0,30,0
301,'4619',1622,,1199,5,0,30,0,101,,1200,5,0,30,0,194,,1201,5,0,28 29,0,115,,1202,5,0,28 29,0,115,,1203,5,0,28 29,0,105,,1204,5,0,28 29,0
301,'4623',1622,,1205,5,0,30,0,101,,1206,5,0,30,0,194,,1207,5,0,28 29,0,115,,1208,5,0,28 29,0,115,,1209,5,0,28 29,0,105,,1210,5,0,28 29,0
301,'4931',1622,,1211,5,0,30,0,101,,1212,5,0,30,0,194,,1213,5,0,28 29,0,115,,1214,5,0,28 29,0,115,,1215,5,0,28 29,0
301,'5087',622,,1217,5,0,28 29,0,101,,1216,5,0,28 29,0,119,,1218,5,0,30,0,975,,1219,5,0,30,0
301,'5274',1012,,1220,5,0,28 29,0
301,'5276',1012,,1221,5,0,28 29,0
301,'5284',817,,1222,5,0,28 29,0,35,,1224,5,0,28 29,0,176,,1223,5,0,28 29,0,90,,1226,5,0,28 29,0,115,,1225,5,0,28 29,0,120,,1227,5,0,28 29,0,160,,1228,5,0,28 29,0,35,,1229,5,0,28 29,0,303,,1230,5,0,28 29,0
301,'5291',1012,,1231,5,0,28 29,0
301,'5295',1012,,1232,5,0,28 29,0
301,'5403',738,,1235,5,0,5 6 16,0,14,,1233,5,0,28 29,0,51,,1234,5,0,30,0,99,,1249,5,0,28 29,0,40,,1236,5,0,28 29,0,100,,1237,5,0,30,0,100,,1238,5,0,30,0,108,,1239,5,0,28 29,0,95,,1240,5,0,30,0,89,,1241,5,0,30,0,104,,1244,5,0,30,0,84,,1242,5,0,30,0,27,,1246,5,0,30,0,74,,1243,5,0,30,0,194,,1245,5,0,28 29,0,115,,1247,5,0,28 29,0,115,,1248,5,0,28 29,0
301,'5404',738,,1252,5,0,5 6 16,0,14,,1250,5,0,28 29,0,51,,1251,5,0,30,0,99,,1261,5,0,28 29,0,40,,1253,5,0,28 29,0,100,,1254,5,0,30,0,100,,1255,5,0,30,0,108,,1256,5,0,28 29,0,95,,1257,5,0,30,0,89,,1258,5,0,30,0,104,,1259,5,0,30,0,111,,1260,5,0,30,0
301,'5405',1622,,1262,5,0,30,0,101,,1263,5,0,30,0,194,,1264,5,0,28 29,0,115,,1265,5,0,28 29,0,115,,1266,5,0,28 29,0
