201,'4332',814,,869,4,0,32,0,110,,860,4,0,32,0,110,,861,4,0,32,0,121,,862,4,0,32,0,153,,863,4,0,32,0,120,,864,4,0,32,0,197,,865,4,0,32,0,109,,866,4,0,32,0,80,,867,4,0,32,0,115,,868,4,0,32,0
201,'4480',623,,91,4,0,32,0,26,,92,4,0,32,0,154,,90,4,0,32,0,26,,88,4,0,32,0,75,,93,4,0,32,0,30,,94,4,0,32,0,100,,95,4,0,32,0,271,,98,4,0,32,0
201,'4663',1540,,870,4,0,32,0,104,,871,4,0,32,0,100,,872,4,0,32,0,209,,873,4,0,32,0,155,,874,4,0,32,0,115,,875,4,0,32,0
201,'4674',1711,,123,4,0,32,0
201,'4676',1711,,124,4,0,32,0
201,'5264',1104,,96,4,0,32,0,101,,97,4,0,32,0,205,,99,4,0,32,0,20,,100,4,0,32,0,110,,118,4,0,32,0,64,,102,4,0,32,0,40,,119,4,0,32,0,100,,120,4,0,32,0,160,,103,4,0,32,0,49,,121,4,0,32,0,155,,122,4,0,32,0
201,'5266',1104,,877,4,0,32,0,101,,878,4,0,32,0,205,,879,4,0,32,0,20,,880,4,0,32,0,174,,882,4,0,32,0,300,,883,4,0,32,0
201,'5268',1540,,884,4,0,32,0,104,,885,4,0,32,0,100,,886,4,0,32,0,209,,887,4,0,32,0,155,,888,4,0,32,0
401,'4332',1407,,926,4,,,0
401,'4480',1113,,221,4,,,0
401,'5264',1325,,222,4,,,0,125,,223,4,,,0
401,'5266',1325,,927,4,,,0,125,,928,4,,,0
1000,'4332',1027,,929,4,,,0,498,,930,4,,,0,326,,931,4,,,0
1000,'4480',1346,,232,4,,,0,696,,234,4,,,0
1000,'5264',847,,230,4,,,0,768,,231,4,,,0,232,,233,4,,,0
1000,'5265',1207,,240,4,,,0
1000,'5266',847,,932,4,,,0,768,,933,4,,,0,232,,934,4,,,0
1000,'5267',1207,,935,4,,,0
1000,'5270',1207,,936,4,,,0
7200,'5267',849,,982,9,4,,0,576,,981,9,4,,0,419,,983,7,4,,0
7401,'5269',1019,,988,47,4,,0
7600,'5271',1010,,989,5,,,0
18000201,'5264',1520,,787,4,0,32 2 33 34,0
18000201,'5266',1520,,1007,4,0,32 2 33 34,0
24001000,'4480',1710,,791,4,,,0
