4300,'4614',1512,,1543,6,,,0
4301,'4614',825,,1575,28,,,0
4401,'4614',706,,1594,7,0,21,0,14,,1594,24,,,0,16,,1605,7,0,21,0,14,,1605,24,,,0,66,,1596,7,0,21,0,16,,1596,24,,,0,171,,1597,7,0,22 23 16,0,121,,1598,7,0,21,0,14,,1598,24,,,0,73,,1604,7,0,22 23 16,0,191,,1595,7,0,21,0,14,,1595,24,,,0,97,,1601,7,0,21,0,17,,1601,24,,,0,173,,1599,7,0,22 23 16,0,16,,1600,7,0,21,0,14,,1600,24,,,0,74,,1603,7,0,21,0,14,,1603,24,,,0
4401,'4619',2002,,1606,7,0,22 23 16,0
4401,'4623',2002,,1607,7,0,22 23 16,0
4401,'5087',706,,1608,7,0,21,0,14,,1608,24,,,0,16,,1619,7,0,21,0,14,,1619,24,,,0,66,,1610,7,0,21,0,16,,1610,24,,,0,171,,1611,7,0,22 23 16,0,121,,1612,7,0,21,0,14,,1612,24,,,0,73,,1618,7,0,22 23 16,0,191,,1609,7,0,21,0,14,,1609,24,,,0,97,,1615,7,0,21,0,17,,1615,24,,,0,173,,1613,7,0,22 23 16,0,16,,1614,7,0,21,0,14,,1614,24,,,0,74,,1617,7,0,21,0,14,,1617,24,,,0
4401,'5284',829,,1622,7,0,21,0,14,,1622,24,,,0,182,,1624,7,0,21,0,14,,1624,24,,,0,165,,1623,7,0,21,0,14,,1623,24,,,0,306,,1620,7,0,21,0,14,,1620,24,,,0,113,,1621,7,0,21,0,54,,1621,24,,,0
9800,'4614',1517,,1773,7,0,7 8 2 9 2 10,0
9800,'5087',1517,,1783,7,0,7 8 2 9 2 10,0
24004301,'4614',801,,1894,20,,,0
