201,'4614',629,,1104,12,,,0,27,,1105,12,,,0,152,,1103,12,,,0,29,,1101,12,,,0,77,,1106,13,,,0,30,,1107,13,,,0,99,,1108,13,,,0,71,,1109,13,,,0,103,,1110,13,,,0,99,,1111,13,,,0,103,,1112,13,,,0,22,,1113,13,,,0,174,,1115,13,,,0,299,,1116,13,,,0
201,'4619',1550,,1117,13,,,0,105,,1118,13,,,0,99,,1119,13,,,0,248,,1120,13,,,0,115,,1121,13,,,0,113,,1122,12,,,0
201,'4623',1550,,1123,13,,,0,105,,1124,13,,,0,99,,1125,13,,,0,248,,1126,13,,,0,115,,1127,13,,,0,113,,1128,12,,,0
201,'4931',1550,,1129,13,,,0,105,,1130,13,,,0,99,,1131,13,,,0,248,,1132,13,,,0,115,,1133,13,,,0
201,'5087',656,,1135,12,,,0,152,,1134,12,,,0,106,,1136,13,,,0
201,'5274',1722,,1137,13,,,0
201,'5276',1722,,1138,13,,,0
201,'5284',823,,1148,13,,,0,111,,1139,13,,,0,110,,1140,13,,,0,161,,1141,13,,,0,113,,1142,13,,,0,120,,1143,13,,,0,197,,1144,13,,,0,109,,1145,13,,,0,80,,1146,13,,,0,114,,1147,13,,,0
201,'5291',1722,,1149,13,,,0
201,'5295',1722,,1150,13,,,0
201,'5403',629,,1152,12,,,0,208,,1151,12,,,0,107,,1153,13,,,0,99,,1154,13,,,0,71,,1155,13,,,0,103,,1156,13,,,0,99,,1157,13,,,0,103,,1158,13,,,0,22,,1159,13,,,0,109,,1160,13,,,0,65,,1163,13,,,0,40,,1161,13,,,0,99,,1162,13,,,0,160,,1164,13,,,0,88,,1165,13,,,0,115,,1166,13,,,0
201,'5404',629,,1168,12,,,0,208,,1167,12,,,0,107,,1169,13,,,0,99,,1170,13,,,0,71,,1171,13,,,0,103,,1172,13,,,0,99,,1173,13,,,0,103,,1174,13,,,0,22,,1175,13,,,0,174,,1176,13,,,0,299,,1177,13,,,0
201,'5405',1550,,1178,13,,,0,105,,1179,13,,,0,99,,1180,13,,,0,248,,1181,13,,,0,115,,1182,13,,,0
18000201,'4614',1534,,1868,14,,,0
18000201,'5087',1534,,1869,14,,,0
