201,'4614',627,,1104,8,0,32,0,26,,1105,8,0,32,0,152,,1103,8,0,32,0,25,,1102,5,0,38 39,0,4,,1101,8,0,32,0,77,,1106,9,0,32,0,30,,1107,9,0,32,0,99,,1108,9,0,32,0,71,,1109,9,0,32,0,103,,1110,9,0,32,0,99,,1111,9,0,32,0,103,,1112,9,0,32,0,22,,1113,9,0,32,0,174,,1115,9,0,32,0,299,,1116,9,0,32,0
201,'4619',1547,,1117,9,0,32,0,105,,1118,9,0,32,0,99,,1119,9,0,32,0,249,,1120,9,0,32,0,115,,1121,9,0,32,0,113,,1122,8,0,32,0
201,'4623',1547,,1123,9,0,32,0,105,,1124,9,0,32,0,99,,1125,9,0,32,0,249,,1126,9,0,32,0,115,,1127,9,0,32,0,113,,1128,8,0,32,0
201,'4931',1547,,1129,9,0,32,0,105,,1130,9,0,32,0,99,,1131,9,0,32,0,249,,1132,9,0,32,0,115,,1133,9,0,32,0
201,'5087',653,,1135,8,0,32,0,152,,1134,8,0,32,0,106,,1136,9,0,32,0
201,'5274',1719,,1137,9,0,32,0
201,'5276',1719,,1138,9,0,32,0
201,'5284',821,,1148,9,0,32,0,110,,1139,9,0,32,0,110,,1140,9,0,32,0,161,,1141,9,0,32,0,113,,1142,9,0,32,0,120,,1143,9,0,32,0,197,,1144,9,0,32,0,109,,1145,9,0,32,0,80,,1146,9,0,32,0,115,,1147,9,0,32,0
201,'5291',1719,,1149,9,0,32,0
201,'5295',1719,,1150,9,0,32,0
201,'5403',627,,1152,8,0,32,0,207,,1151,8,0,32,0,107,,1153,9,0,32,0,99,,1154,9,0,32,0,71,,1155,9,0,32,0,103,,1156,9,0,32,0,99,,1157,9,0,32,0,103,,1158,9,0,32,0,22,,1159,9,0,32,0,109,,1160,9,0,32,0,65,,1163,9,0,32,0,40,,1161,9,0,32,0,99,,1162,9,0,32,0,160,,1164,9,0,32,0,89,,1165,9,0,32,0,115,,1166,9,0,32,0
201,'5404',627,,1168,8,0,32,0,207,,1167,8,0,32,0,107,,1169,9,0,32,0,99,,1170,9,0,32,0,71,,1171,9,0,32,0,103,,1172,9,0,32,0,99,,1173,9,0,32,0,103,,1174,9,0,32,0,22,,1175,9,0,32,0,174,,1176,9,0,32,0,299,,1177,9,0,32,0
201,'5405',1547,,1178,9,0,32,0,105,,1179,9,0,32,0,99,,1180,9,0,32,0,249,,1181,9,0,32,0,115,,1182,9,0,32,0
