2000,'4332',739,,952,38,,,0,506,,285,38,,,0,480,,286,30,4,,0,205,,283,30,,,0
2000,'4480',701,,287,38,,,0,224,,288,38,,,0,903,,290,30,,,0
2000,'5264',1249,,289,38,,,0,699,,291,30,,,0
2000,'5265',648,,297,1,,,0,160,,298,1,,,0
2000,'5266',1249,,953,38,,,0,699,,954,30,,,0
2000,'5267',648,,955,1,,,0,160,,956,1,,,0
2000,'5270',648,,957,1,,,0,160,,958,1,,,0
7401,'5269',955,,988,33,,,0
9900,'4332',957,,993,15,,,0,384,,994,15,,,0,479,,995,15,,,0
9900,'4480',758,,753,15,,,0,156,,754,15,,,0,141,,755,15,,,0,573,,757,15,,,0
9900,'5264',709,,752,15,,,0,608,,756,15,,,0,411,,758,15,,,0,89,,759,15,,,0
9900,'5266',709,,996,15,,,0,608,,997,15,,,0,411,,998,15,,,0,89,,999,15,,,0
