100,'4614',637,,1016,6,,,0,103,,1015,6,,,0,70,,1014,6,,,0,34,,1017,13,,,0,76,,1030,6,,,0,39,,1026,6,,,0,167,,1019,13,,,0,20,,1018,13,,,0,161,,1020,6,,,0,42,,1021,13,,,0,110,,1022,13,,,0,96,,1023,13,,,0,152,,1028,13,,,0,94,,1029,13,,,0,45,,1024,13,,,0
100,'4619',1526,,1031,13,,,0,406,,1032,6,,,0,115,,1033,6,,,0,154,,1034,6,,,0,105,,1035,6,,,0
100,'4623',1526,,1036,13,,,0,406,,1037,6,,,0,115,,1038,6,,,0,154,,1039,6,,,0,105,,1040,6,,,0
100,'4931',1526,,1041,13,,,0,406,,1042,6,,,0,115,,1043,6,,,0,154,,1044,6,,,0
100,'5087',637,,1046,6,,,0,103,,1045,6,,,0,815,,1047,13,,,0,152,,1048,13,,,0,94,,1049,13,,,0
100,'5274',1029,,1050,6,,,0,27,,1051,13,,,0
100,'5276',1029,,1052,6,,,0,27,,1053,13,,,0
100,'5284',832,,1054,6,,,0,75,,1056,6,,,0,99,,1057,13,,,0,37,,1055,6,,,0,90,,1058,6,,,0,115,,1059,6,,,0,160,,1060,6,,,0,120,,1061,6,,,0,75,,1062,6,,,0,108,,1063,13,,,0,195,,1064,6,,,0
100,'5291',1029,,1065,6,,,0,27,,1066,13,,,0
100,'5295',1029,,1067,6,,,0,27,,1068,13,,,0
100,'5403',810,,1069,6,,,0,34,,1070,13,,,0,76,,1084,6,,,0,39,,1082,6,,,0,167,,1072,13,,,0,20,,1071,13,,,0,161,,1073,6,,,0,42,,1074,13,,,0,110,,1075,13,,,0,67,,1076,13,,,0,320,,1077,13,,,0,86,,1078,6,,,0,115,,1079,6,,,0,154,,1080,6,,,0
100,'5404',810,,1085,6,,,0,34,,1086,13,,,0,76,,1096,6,,,0,39,,1094,6,,,0,167,,1088,13,,,0,20,,1087,13,,,0,161,,1089,6,,,0,42,,1090,13,,,0,110,,1091,13,,,0,387,,1092,13,,,0
100,'5405',1526,,1097,13,,,0,406,,1098,6,,,0,115,,1099,6,,,0,154,,1100,6,,,0
