2001,'4332',543,,959,11,,,0,497,,306,13,,,0,490,,307,13,,,0,205,,308,1,,,0
2001,'4480',510,,309,11,,,0,220,,310,11,,,0,902,,312,13,,,0
2001,'5264',1055,,311,13,,,0,701,,313,13,,,0
2001,'5265',645,,319,11,4,,0,160,,320,11,4,,0
2001,'5266',1055,,960,13,,,0,701,,961,13,,,0
2001,'5267',645,,962,11,4,,0,160,,963,11,4,,0
2001,'5270',645,,964,11,4,,0,160,,965,11,4,,0
3800,'4679',945,,448,6,,,0,410,,447,6,,,0
7400,'5269',1635,,987,14,,,0
9901,'4332',908,,1000,11,,,0,344,,1001,11,,,0,475,,1002,11,,,0
9901,'4480',711,,772,11,,,0,114,,773,11,,,0,181,,774,11,,,0,526,,776,11,,,0
9901,'5264',620,,771,11,,,0,607,,775,11,,,0,413,,777,11,,,0,88,,778,11,,,0
9901,'5266',620,,1003,11,,,0,607,,1004,11,,,0,413,,1005,11,,,0,88,,1006,11,,,0
