5700,'4619',925,,1723,4,,,0
5700,'4623',925,,1725,4,,,0
7600,'5277',1345,,1747,6,4,,0
7600,'5280',1840,,1748,6,4,,0
7600,'5281',1128,,1749,45,4,,0
7600,'5283',1020,,1750,6,4,,0,820,,1751,6,4,,0
7600,'5286',835,,1752,6,4,,0
7600,'5289',1345,,1753,6,4,,0
7600,'5290',1840,,1754,6,4,,0
7600,'5294',1128,,1755,45,4,,0
7600,'5296',835,,1756,6,4,,0
7600,'5297',1020,,1757,6,4,,0,820,,1758,6,4,,0
7601,'5277',1215,,1759,1,0,41 16,0
7601,'5280',1715,,1760,1,0,41 16,0
7601,'5281',825,,1761,1,,,0
7601,'5283',855,,1762,1,0,41 16,0,860,,1763,1,0,41 16,0
7601,'5286',705,,1764,1,0,41 16,0
7601,'5289',1215,,1765,1,0,41 16,0
7601,'5290',1715,,1766,1,0,41 16,0
7601,'5294',825,,1767,1,,,0
7601,'5296',705,,1768,1,0,41 16,0
7601,'5297',855,,1769,1,0,41 16,0,860,,1770,1,0,41 16,0
