2000,'4614',724,,1348,50,,,0,225,,1349,50,,,0,362,,1350,50,,,0,531,,1351,40,,,0,159,,1352,40,,,0
2000,'5087',724,,1353,50,,,0,225,,1354,50,,,0,893,,1355,40,,,0,159,,1356,40,,,0
2000,'5274',820,,1357,12,,,0
2000,'5276',820,,1358,12,,,0
2000,'5284',801,,1360,49,,,0,506,,1362,49,,,0,645,,1359,41,,,0
2000,'5291',820,,1363,12,,,0
2000,'5295',820,,1364,12,,,0
2000,'5403',1311,,1365,50,,,0
2000,'5404',1311,,1366,50,,,0
7401,'5278',1010,,1745,44,,,0
7401,'5292',1010,,1746,44,,,0
9900,'4614',727,,1820,25,,,0,88,,1821,25,,,0,115,,1822,25,,,0,182,,1823,25,,,0,223,,1824,25,,,0,311,,1825,25,,,0,98,,1826,25,,,0,89,,1827,25,,,0
9900,'5087',930,,1828,25,,,0,182,,1829,25,,,0,632,,1830,25,,,0
9900,'5284',1014,,1831,25,,,0,344,,1832,25,,,0,479,,1833,25,,,0
9900,'5403',727,,1834,25,,,0,88,,1835,25,,,0,520,,1836,25,,,0,311,,1837,25,,,0,187,,1838,25,,,0
9900,'5404',727,,1839,25,,,0,88,,1840,25,,,0,520,,1841,25,,,0,311,,1842,25,,,0,187,,1843,25,,,0
