3300,'4614',833,,1448,3,,,0,68,,1447,3,,,0,232,,1446,3,,,0,289,,1445,3,,,0,191,,1443,3,,,0,20,,1444,3,,,0
3300,'5087',833,,1454,3,,,0,68,,1453,3,,,0,232,,1452,3,,,0,289,,1451,3,,,0,191,,1449,3,,,0,20,,1450,3,,,0
3300,'5284',1125,,1455,3,,,0,325,,1456,3,,,0,158,,1457,3,,,0
3601,'4614',743,,1500,3,,,0,798,,1498,3,0,5 6,0
3601,'5087',743,,1503,3,,,0,798,,1501,3,0,5 6,0
9801,'4614',651,,1797,3,0,11,0,88,,1793,3,0,7 8 2 11 2 10,0,120,,1798,3,0,7 8 2 11 2 10,0,179,,1796,3,0,11,0,262,,1792,3,0,7 8 2 11 2 10,0,312,,1794,3,0,11,0,100,,1799,3,0,11,0,88,,1795,3,0,11,0
9801,'4619',1915,,1803,3,0,11,0
9801,'4623',1915,,1804,3,0,11,0
9801,'5087',651,,1810,3,0,11,0,88,,1806,3,0,7 8 2 11 2 10,0,120,,1811,3,0,7 8 2 11 2 10,0,179,,1809,3,0,11,0,262,,1805,3,0,7 8 2 11 2 10,0,312,,1807,3,0,11,0,100,,1812,3,0,11,0,88,,1808,3,0,11,0
9801,'5284',937,,1818,3,0,11,0,384,,1816,3,0,11,0,438,,1817,3,0,11,0
9900,'4614',651,,1820,3,,,0,88,,1821,3,,,0,117,,1822,3,,,0,181,,1823,3,,,0,222,,1824,3,,,0,352,,1825,3,,,0,98,,1826,3,,,0,49,,1827,3,,,0
9900,'5087',856,,1828,3,,,0,181,,1829,3,,,0,672,,1830,3,,,0
9900,'5284',939,,1831,3,,,0,384,,1832,3,,,0,479,,1833,3,,,0
9900,'5403',651,,1834,3,,,0,88,,1835,3,,,0,520,,1836,3,,,0,352,,1837,3,,,0,147,,1838,3,,,0
9900,'5404',651,,1839,3,,,0,88,,1840,3,,,0,520,,1841,3,,,0,352,,1842,3,,,0,147,,1843,3,,,0
