1001,'4614',657,,1307,8,,,0,145,,1311,8,,,0,145,,1308,8,,,0,505,,1312,8,,,0,270,,1309,8,,,0,90,,1310,8,,,0,140,,1313,8,,,0
1001,'5087',1452,,1315,8,,,0,270,,1314,8,,,0,230,,1316,8,,,0
1001,'5274',1312,,1317,8,,,0
1001,'5276',1312,,1318,8,,,0
1001,'5284',757,,1319,8,,,0,376,,1320,8,,,0,819,,1321,8,,,0
1001,'5291',1312,,1322,8,,,0
1001,'5295',1312,,1323,8,,,0
1001,'5403',657,,1324,8,,,0,145,,1327,8,,,0,145,,1325,8,,,0,865,,1326,8,,,0
1001,'5404',657,,1328,8,,,0,145,,1331,8,,,0,145,,1329,8,,,0,865,,1330,8,,,0
7601,'5281',910,,1761,13,,,0
7601,'5294',910,,1767,13,,,0
24001001,'4614',2141,,1880,8,,,0
24001001,'5087',2141,,1881,8,,,0
24001001,'5284',1627,,1882,8,,,0
