4600,'4614',755,,1638,1,0,11,0,160,,1633,1,0,11,0,114,,1637,1,0,11,0,107,,1641,1,0,11,0,179,,1640,1,0,11,0,113,,1634,1,0,11,0,77,,1635,1,0,11,0,115,,1636,1,0,11,0,127,,1639,1,0,11,0,182,,1642,1,0,11,0
4600,'4619',2055,,1643,1,0,11,0
4600,'4623',2055,,1644,1,0,11,0
4600,'5087',755,,1650,1,0,11,0,160,,1645,1,0,11,0,114,,1649,1,0,11,0,107,,1653,1,0,11,0,179,,1652,1,0,11,0,113,,1646,1,0,11,0,77,,1647,1,0,11,0,115,,1648,1,0,11,0,127,,1651,1,0,11,0,182,,1654,1,0,11,0
4600,'5284',818,,1659,1,0,11,0,308,,1658,1,0,11,0,317,,1655,1,0,11,0,195,,1656,1,0,11,0,276,,1657,1,0,11,0
4601,'4614',752,,1666,19,4,,0,160,,1660,27,4,,0,114,,1667,32,4,,0,107,,1669,27,4,,0,179,,1668,32,4,,0,113,,1661,27,4,,0,76,,1664,27,4,,0,116,,1662,32,4,,0,127,,1663,27,4,,0,183,,1670,27,4,,0
4601,'4619',2053,,1671,27,4,,0
4601,'4623',2053,,1672,27,4,,0
4601,'5087',752,,1679,19,4,,0,160,,1673,27,4,,0,114,,1680,32,4,,0,107,,1682,27,4,,0,179,,1681,32,4,,0,113,,1674,27,4,,0,76,,1677,27,4,,0,116,,1675,32,4,,0,127,,1676,27,4,,0,183,,1683,27,4,,0
4601,'5284',816,,1688,24,4,,0,308,,1687,32,4,,0,317,,1684,32,4,,0,195,,1685,32,4,,0,276,,1686,27,4,,0
