4300,'4614',757,,1535,28,4,,0,162,,1538,25,4,,0,100,,1534,28,,,0,111,,1539,25,4,,0,106,,1536,28,,,0,178,,1540,25,,,0,15,,1544,28,4,,0,113,,1543,33,,,0,63,,1541,25,,,0,139,,1537,25,,,0,164,,1542,28,,,0
4300,'4619',2147,,1545,28,,,0
4300,'4623',2147,,1546,28,,,0
4300,'5087',757,,1548,28,4,,0,162,,1551,25,4,,0,100,,1547,28,,,0,111,,1552,25,4,,0,106,,1549,28,,,0,178,,1553,25,,,0,15,,1557,28,4,,0,113,,1556,28,,,0,63,,1554,25,,,0,139,,1550,25,,,0,164,,1555,28,,,0
4300,'5284',918,,1564,28,,,0,201,,1558,28,,,0,203,,1559,28,4,,0,109,,1560,28,,,0,182,,1561,28,,,0,126,,1562,28,,,0,167,,1563,28,,,0
4301,'4614',715,,1566,1,,,0,44,,1575,1,,,0,162,,1569,1,,,0,181,,1571,13,,,0,30,,1570,1,,,0,188,,1565,13,,,0,111,,1576,1,,,0,27,,1567,13,,,0,169,,1573,13,,,0,200,,1572,13,,,0,123,,1574,13,,,0
4301,'5087',715,,1578,1,,,0,44,,1587,1,,,0,162,,1581,1,,,0,181,,1583,13,,,0,30,,1582,1,,,0,188,,1577,13,,,0,111,,1588,1,,,0,27,,1579,13,,,0,169,,1585,13,,,0,200,,1584,13,,,0,123,,1586,13,,,0
4301,'5284',820,,1593,13,,,0,181,,1592,13,,,0,201,,1589,13,,,0,121,,1590,1,,,0,191,,1591,13,,,0
24004300,'4614',537,,1886,7,,,0,95,,1884,7,,,0,73,,1883,7,,,0,132,,1885,7,,,0
24004300,'5087',537,,1890,7,,,0,95,,1888,7,,,0,73,,1887,7,,,0,132,,1889,7,,,0
24004300,'5284',738,,1891,7,,,0
24004301,'4614',617,,1896,13,,,0,95,,1893,13,,,0,36,,1894,13,,,0,172,,1895,13,,,0,728,,1892,13,,,0
24004301,'5087',617,,1903,13,,,0,95,,1900,13,,,0,36,,1901,13,,,0,172,,1902,13,,,0,728,,1899,13,,,0
24004301,'5284',1655,,1905,13,,,0,166,,1904,13,,,0,127,,1906,13,,,0
