1000,'4614',916,,1289,30,,,0,500,,1291,30,,,0,227,,1290,30,,,0,272,,1292,30,,,0,196,,1293,30,,,0
1000,'5087',1416,,1295,30,,,0,227,,1294,30,,,0,272,,1296,30,,,0,196,,1297,30,,,0
1000,'5274',1236,,1298,30,,,0
1000,'5276',1236,,1299,30,,,0
1000,'5284',1054,,1300,30,,,0,500,,1301,30,,,0,365,,1302,30,,,0
1000,'5291',1236,,1303,30,,,0
1000,'5295',1236,,1304,30,,,0
1000,'5403',916,,1305,30,,,0
1000,'5404',916,,1306,30,,,0
7600,'5281',1030,,1749,22,,,0
7600,'5294',1030,,1755,22,,,0
24001000,'4614',630,,1870,18,,,0,105,,1872,18,,,0,1000,,1871,25,,,0
24001000,'5284',728,,1873,18,,,0
24001000,'5403',630,,1874,18,,,0,105,,1876,18,,,0,1000,,1875,25,,,0
24001000,'5404',630,,1877,18,,,0,105,,1879,18,,,0,1000,,1878,25,,,0
