1000,'4614',911,,1289,23,,,0,500,,1291,23,,,0,227,,1290,23,,,0,272,,1292,23,,,0,196,,1293,23,,,0
1000,'5087',1411,,1295,23,,,0,227,,1294,23,,,0,272,,1296,23,,,0,196,,1297,23,,,0
1000,'5274',1231,,1298,23,,,0
1000,'5276',1231,,1299,23,,,0
1000,'5284',1049,,1300,23,,,0,500,,1301,23,,,0,365,,1302,23,,,0
1000,'5291',1231,,1303,23,,,0
1000,'5295',1231,,1304,23,,,0
1000,'5403',911,,1305,23,,,0
1000,'5404',911,,1306,23,,,0
24001000,'4614',1730,,1871,18,,,0
24001000,'5403',1730,,1875,18,,,0
24001000,'5404',1730,,1878,18,,,0
