1001,'4614',725,,1307,33,,,0,105,,1311,33,,,0,187,,1308,33,,,0,503,,1312,33,,,0,231,,1309,33,,,0,89,,1310,33,,,0,180,,1313,33,,,0
1001,'5087',1520,,1315,33,,,0,231,,1314,33,,,0,269,,1316,33,,,0
1001,'5274',1340,,1317,33,,,0
1001,'5276',1340,,1318,33,,,0
1001,'5284',825,,1319,33,,,0,378,,1320,33,,,0,817,,1321,33,,,0
1001,'5291',1340,,1322,33,,,0
1001,'5295',1340,,1323,33,,,0
1001,'5403',725,,1324,33,,,0,105,,1327,33,,,0,187,,1325,33,,,0,823,,1326,33,,,0
1001,'5404',725,,1328,33,,,0,105,,1331,33,,,0,187,,1329,33,,,0,823,,1330,33,,,0
7601,'5281',932,,1761,32,,,0
7601,'5294',932,,1767,32,,,0
24001001,'4614',2204,,1880,27,,,0
24001001,'5087',2204,,1881,27,,,0
24001001,'5284',1655,,1882,27,,,0
