100,'4332',1001,,822,3,0,29,0,705,,828,3,0,29,0
100,'4480',746,,13,3,0,29 2 35 23,0,710,,20,3,0,23 16,0
100,'4663',1516,,830,3,0,29 2 35 23,0
100,'5264',837,,15,3,0,29,0,14,,24,3,0,23 16,0,270,,17,3,0,29 2 35 23,0,20,,16,3,0,29,0,180,,26,3,0,23 16,0,20,,19,3,0,29,0,160,,21,3,0,29 2 35 23,0,15,,48,3,0,29 2 35 23,0,33,,22,3,0,29,0,152,,27,3,0,29,0,55,,28,3,0,29,0,85,,23,3,0,29,0
100,'5265',721,,52,3,0,29,0,333,,54,3,0,29,0
100,'5266',837,,836,3,0,29,0,14,,844,3,0,23 16,0,270,,838,3,0,29 2 35 23,0,20,,837,3,0,29,0,180,,846,3,0,23 16,0,20,,840,3,0,29,0,160,,841,3,0,29 2 35 23,0,48,,842,3,0,29,0,152,,847,3,0,29,0,55,,848,3,0,29,0,85,,843,3,0,29,0
100,'5267',721,,850,3,0,29,0,333,,852,3,0,29,0
100,'5268',1516,,853,3,0,29 2 35 23,0
100,'5270',721,,857,3,0,29,0,333,,859,3,0,29,0
301,'4332',816,,889,3,0,28 29,0,35,,891,3,0,28 29,0,175,,890,3,0,28 29,0,90,,892,3,0,28 29,0,115,,893,3,0,28 29,0,120,,894,3,0,28 29,0,160,,895,3,0,28 29,0,35,,896,3,0,28 29,0,303,,897,3,0,28 29,0
301,'4480',721,,156,3,0,30,0,120,,158,3,0,30,0,505,,163,3,0,30,0,90,,164,3,0,30,0
301,'4663',1621,,898,3,0,30,0,100,,899,3,0,30,0,195,,900,3,0,28 29,0,115,,901,3,0,28 29,0,115,,902,3,0,28 29,0,105,,903,3,0,28 29,0
301,'5264',736,,155,3,0,5 6 16,0,15,,153,3,0,28 29,0,50,,154,3,0,30,0,100,,168,3,0,28 29,0,40,,159,3,0,28 29,0,100,,160,3,0,30,0,100,,161,3,0,30,0,105,,162,3,0,28 29,0,290,,166,3,0,30,0,85,,185,3,0,30,0,27,,167,3,0,30,0,73,,186,3,0,30,0,95,,165,3,0,30,0,100,,187,3,0,28 29,0,115,,188,3,0,28 29,0,115,,189,3,0,28 29,0
301,'5265',1011,,190,3,0,28 29,0
301,'5266',736,,906,3,0,5 6 16,0,15,,904,3,0,28 29,0,50,,905,3,0,30,0,100,,914,3,0,28 29,0,40,,907,3,0,28 29,0,100,,908,3,0,30,0,100,,909,3,0,30,0,105,,910,3,0,28 29,0,290,,912,3,0,30,0,112,,913,3,0,30,0,168,,911,3,0,30,0
301,'5267',1011,,915,3,0,28 29,0
301,'5268',1621,,916,3,0,30,0,100,,917,3,0,30,0,195,,918,3,0,28 29,0,115,,919,3,0,28 29,0,115,,920,3,0,28 29,0
301,'5270',1011,,921,3,0,28 29,0
1500,'4674',1651,,279,3,,,0
1500,'5265',841,,277,3,,,0,565,,278,3,,,0
1500,'5270',841,,950,3,,,0,565,,951,3,,,0
7201,'5267',720,,985,6,0,36,0,527,,984,6,,,0,470,,986,6,,,0
