1000,'4614',900,,1289,14,,,0,500,,1291,14,,,0,225,,1290,14,,,0,275,,1292,14,,,0,156,,1293,14,,,0
1000,'5087',1400,,1295,14,,,0,225,,1294,14,,,0,275,,1296,14,,,0,156,,1297,14,,,0
1000,'5274',1220,,1298,14,,,0
1000,'5276',1220,,1299,14,,,0
1000,'5284',1037,,1300,14,,,0,499,,1301,14,,,0,366,,1302,14,,,0
1000,'5291',1220,,1303,14,,,0
1000,'5295',1220,,1304,14,,,0
1000,'5403',900,,1305,14,,,0
1000,'5404',900,,1306,14,,,0
7600,'5281',1016,,1749,10,,,0
7600,'5294',1016,,1755,10,,,0
24001000,'4614',616,,1870,6,,,0,105,,1872,6,,,0,996,,1871,9,,,0
24001000,'5284',714,,1873,6,,,0
24001000,'5403',616,,1874,6,,,0,105,,1876,6,,,0,996,,1875,9,,,0
24001000,'5404',616,,1877,6,,,0,105,,1879,6,,,0,996,,1878,9,,,0
