1000,'4614',913,,1289,26,,,0,500,,1291,26,,,0,227,,1290,26,,,0,272,,1292,26,,,0,196,,1293,26,,,0
1000,'5087',1413,,1295,26,,,0,227,,1294,26,,,0,272,,1296,26,,,0,196,,1297,26,,,0
1000,'5274',1233,,1298,26,,,0
1000,'5276',1233,,1299,26,,,0
1000,'5284',1051,,1300,26,,,0,500,,1301,26,,,0,365,,1302,26,,,0
1000,'5291',1233,,1303,26,,,0
1000,'5295',1233,,1304,26,,,0
1000,'5403',913,,1305,26,,,0
1000,'5404',913,,1306,26,,,0
7600,'5281',1026,,1749,18,,,0
7600,'5294',1026,,1755,18,,,0
24001000,'4614',626,,1870,14,,,0,105,,1872,14,,,0,1001,,1871,21,,,0
24001000,'5284',724,,1873,14,,,0
24001000,'5403',626,,1874,14,,,0,105,,1876,14,,,0,1001,,1875,21,,,0
24001000,'5404',626,,1877,14,,,0,105,,1879,14,,,0,1001,,1878,21,,,0
