201,'4332',822,,869,11,0,32,0,110,,860,11,0,32,0,110,,861,11,0,32,0,161,,862,11,0,32,0,113,,863,11,0,32,0,120,,864,11,0,32,0,197,,865,11,0,32,0,109,,866,11,0,32,0,80,,867,11,0,32,0,115,,868,11,0,32,0
201,'4480',628,,91,10,0,32,0,27,,92,10,0,32,0,155,,90,10,0,32,0,26,,88,10,0,32,0,76,,93,11,0,32,0,30,,94,11,0,32,0,100,,95,11,0,32,0,271,,98,11,0,32,0
201,'4663',1548,,870,11,0,32,0,104,,871,11,0,32,0,100,,872,11,0,32,0,249,,873,11,0,32,0,115,,874,11,0,32,0,113,,875,10,0,32,0
201,'4674',1719,,123,11,0,32,0
201,'4676',1719,,124,11,0,32,0
201,'5264',1112,,96,11,0,32,0,101,,97,11,0,32,0,205,,99,11,0,32,0,20,,100,11,0,32,0,110,,118,11,0,32,0,64,,102,11,0,32,0,40,,119,11,0,32,0,100,,120,11,0,32,0,160,,103,11,0,32,0,89,,121,11,0,32,0,115,,122,11,0,32,0
201,'5266',1112,,877,11,0,32,0,101,,878,11,0,32,0,205,,879,11,0,32,0,20,,880,11,0,32,0,174,,882,11,0,32,0,300,,883,11,0,32,0
201,'5268',1548,,884,11,0,32,0,104,,885,11,0,32,0,100,,886,11,0,32,0,249,,887,11,0,32,0,115,,888,11,0,32,0
18000201,'5264',1531,,787,12,0,32 2 33 34,0
18000201,'5266',1531,,1007,12,0,32 2 33 34,0
