1000,'4614',919,,1289,33,,,0,500,,1291,33,,,0,227,,1290,33,,,0,272,,1292,33,,,0,196,,1293,33,,,0
1000,'5087',1419,,1295,33,,,0,227,,1294,33,,,0,272,,1296,33,,,0,196,,1297,33,,,0
1000,'5274',1239,,1298,33,,,0
1000,'5276',1239,,1299,33,,,0
1000,'5284',1057,,1300,33,,,0,500,,1301,33,,,0,365,,1302,33,,,0
1000,'5291',1239,,1303,33,,,0
1000,'5295',1239,,1304,33,,,0
1000,'5403',919,,1305,33,,,0
1000,'5404',919,,1306,33,,,0
7600,'5281',1033,,1749,25,,,0
7600,'5294',1033,,1755,25,,,0
24001000,'4614',633,,1870,21,,,0,105,,1872,21,,,0,1000,,1871,28,,,0
24001000,'5284',731,,1873,21,,,0
24001000,'5403',633,,1874,21,,,0,105,,1876,21,,,0,1000,,1875,28,,,0
24001000,'5404',633,,1877,21,,,0,105,,1879,21,,,0,1000,,1878,28,,,0
