1001,'4614',711,,1307,19,,,0,105,,1311,19,,,0,186,,1308,19,,,0,504,,1312,19,,,0,231,,1309,19,,,0,89,,1310,19,,,0,180,,1313,19,,,0
1001,'5087',1506,,1315,19,,,0,231,,1314,19,,,0,269,,1316,19,,,0
1001,'5274',1326,,1317,19,,,0
1001,'5276',1326,,1318,19,,,0
1001,'5284',811,,1319,19,,,0,337,,1320,19,,,0,858,,1321,19,,,0
1001,'5291',1326,,1322,19,,,0
1001,'5295',1326,,1323,19,,,0
1001,'5403',711,,1324,19,,,0,105,,1327,19,,,0,186,,1325,19,,,0,824,,1326,19,,,0
1001,'5404',711,,1328,19,,,0,105,,1331,19,,,0,186,,1329,19,,,0,824,,1330,19,,,0
7601,'5281',922,,1761,21,,,0
7601,'5294',922,,1767,21,,,0
24001001,'4614',2153,,1880,16,,,0
24001001,'5087',2153,,1881,16,,,0
24001001,'5284',1642,,1882,16,,,0
