301,'4614',625,,1187,9,0,28 29,0,101,,1186,9,0,28 29,0,29,,1183,9,0,28 29,0,51,,1184,9,0,30,0,39,,1188,9,0,30,0,60,,1198,9,0,28 29,0,40,,1189,9,0,28 29,0,100,,1190,9,0,30,0,100,,1191,9,0,30,0,108,,1192,9,0,28 29,0,95,,1193,9,0,30,0,89,,1194,9,0,30,0,104,,1196,9,0,30,0,111,,1197,9,0,30,0,168,,1195,9,0,30,0
301,'4619',1625,,1199,9,0,30,0,101,,1200,9,0,30,0,194,,1201,9,0,28 29,0,115,,1202,9,0,28 29,0,115,,1203,9,0,28 29,0,105,,1204,9,0,28 29,0
301,'4623',1625,,1205,9,0,30,0,101,,1206,9,0,30,0,194,,1207,9,0,28 29,0,115,,1208,9,0,28 29,0,115,,1209,9,0,28 29,0,105,,1210,9,0,28 29,0
301,'4931',1625,,1211,9,0,30,0,101,,1212,9,0,30,0,194,,1213,9,0,28 29,0,115,,1214,9,0,28 29,0,115,,1215,9,0,28 29,0
301,'5087',625,,1217,9,0,28 29,0,101,,1216,9,0,28 29,0,119,,1218,9,0,30,0,975,,1219,9,0,30,0
301,'5274',1015,,1220,9,0,28 29,0
301,'5276',1015,,1221,9,0,28 29,0
301,'5284',820,,1222,9,0,28 29,0,35,,1224,9,0,28 29,0,176,,1223,9,0,28 29,0,90,,1226,9,0,28 29,0,115,,1225,9,0,28 29,0,120,,1227,9,0,28 29,0,160,,1228,9,0,28 29,0,35,,1229,9,0,28 29,0,303,,1230,9,0,28 29,0
301,'5291',1015,,1231,9,0,28 29,0
301,'5295',1015,,1232,9,0,28 29,0
301,'5403',755,,1233,9,0,28 29,0,51,,1234,9,0,30,0,99,,1249,9,0,28 29,0,40,,1236,9,0,28 29,0,100,,1237,9,0,30,0,100,,1238,9,0,30,0,108,,1239,9,0,28 29,0,95,,1240,9,0,30,0,89,,1241,9,0,30,0,104,,1244,9,0,30,0,84,,1242,9,0,30,0,27,,1246,9,0,30,0,74,,1243,9,0,30,0,194,,1245,9,0,28 29,0,115,,1247,9,0,28 29,0,115,,1248,9,0,28 29,0
301,'5404',755,,1250,9,0,28 29,0,51,,1251,9,0,30,0,99,,1261,9,0,28 29,0,40,,1253,9,0,28 29,0,100,,1254,9,0,30,0,100,,1255,9,0,30,0,108,,1256,9,0,28 29,0,95,,1257,9,0,30,0,89,,1258,9,0,30,0,104,,1259,9,0,30,0,111,,1260,9,0,30,0
301,'5405',1625,,1262,9,0,30,0,101,,1263,9,0,30,0,194,,1264,9,0,28 29,0,115,,1265,9,0,28 29,0,115,,1266,9,0,28 29,0
