100,'4332',1002,,822,5,0,29,0,705,,828,5,0,29,0
100,'4480',747,,13,5,0,29 2 35 23,0,91,,836,5,0,29,0,284,,838,5,0,29 2 35 23,0,20,,837,5,0,29,0,200,,840,5,0,29,0,160,,841,5,0,29 2 35 23,0,48,,842,5,0,29,0,152,,847,5,0,29,0,55,,848,5,0,29,0,85,,843,5,0,29,0
100,'4661',1517,,853,5,0,29 2 35 23,0
100,'4663',1517,,830,5,0,29 2 35 23,0
100,'4674',722,,857,5,0,29,0,333,,859,5,0,29,0
100,'4676',722,,850,5,0,29,0,333,,852,5,0,29,0
301,'4332',829,,889,19,0,28 29,0,75,,891,19,0,28 29,0,136,,890,19,0,28 29,0,90,,892,19,0,28 29,0,115,,893,19,0,28 29,0,160,,894,19,0,28 29,0,120,,895,19,0,28 29,0,75,,896,19,0,28 29,0,303,,897,19,0,28 29,0
301,'4480',634,,157,11,0,28 29,0,172,,904,19,0,28 29,0,110,,914,19,0,28 29,0,40,,907,19,0,28 29,0,345,,910,19,0,28 29,0
301,'4661',1930,,918,19,0,28 29,0,115,,919,19,0,28 29,0,114,,920,19,0,28 29,0
301,'4663',1930,,900,19,0,28 29,0,115,,901,19,0,28 29,0,114,,902,19,0,28 29,0,144,,903,19,0,28 29,0
301,'4674',1026,,921,19,0,28 29,0
301,'4676',1026,,915,19,0,28 29,0
