9800,'4332',912,,709,10,,,0,344,,707,10,,,0,478,,708,10,,,0
9800,'4480',624,,715,10,,,0,88,,713,10,,,0,114,,716,10,,,0,181,,714,10,,,0,225,,711,13,0,7 8 2 9 2 10,0,312,,712,19,0,7 8 2 9 2 10,0,98,,717,13,0,7 8 2 9 2 10,0,88,,710,10,,,0
9800,'4485',624,,723,10,,,0,88,,721,10,,,0,114,,724,10,,,0,181,,722,10,,,0,225,,720,13,0,7 8 2 9 2 10,0,312,,718,19,0,7 8 2 9 2 10,0,98,,725,13,0,7 8 2 9 2 10,0,88,,719,10,,,0
9800,'4680',1852,,726,10,,,0
9800,'4694',1852,,727,10,,,0
9801,'4332',951,,730,13,,,0,384,,728,13,,,0,478,,729,13,,,0
9801,'4480',705,,736,13,,,0,48,,732,13,0,7 8 2 11 2 10,0,157,,737,13,0,7 8 2 11 2 10,0,137,,735,13,,,0,266,,731,13,0,7 8 2 11 2 10,0,312,,733,13,,,0,100,,738,13,,,0,88,,734,13,,,0
9801,'4485',705,,744,13,,,0,48,,740,13,0,7 8 2 11 2 10,0,157,,745,13,0,7 8 2 11 2 10,0,137,,743,13,,,0,266,,739,13,0,7 8 2 11 2 10,0,312,,741,13,,,0,100,,746,13,,,0,88,,742,13,,,0
9801,'4680',1928,,747,13,,,0
9801,'4694',1928,,748,13,,,0
