1000,'4614',858,,1289,13,,,0,500,,1291,13,,,0,265,,1290,13,,,0,235,,1292,13,,,0,196,,1293,13,,,0
1000,'5087',1358,,1295,13,,,0,265,,1294,13,,,0,235,,1296,13,,,0,196,,1297,13,,,0
1000,'5274',1218,,1298,13,,,0
1000,'5276',1218,,1299,13,,,0
1000,'5284',1035,,1300,13,,,0,499,,1301,13,,,0,366,,1302,13,,,0
1000,'5291',1218,,1303,13,,,0
1000,'5295',1218,,1304,13,,,0
1000,'5403',858,,1305,13,,,0
1000,'5404',858,,1306,13,,,0
7600,'5281',1015,,1749,9,,,0
7600,'5294',1015,,1755,9,,,0
24001000,'4614',615,,1870,5,,,0,105,,1872,5,,,0,995,,1871,8,,,0
24001000,'5284',713,,1873,5,,,0
24001000,'5403',615,,1874,5,,,0,105,,1876,5,,,0,995,,1875,8,,,0
24001000,'5404',615,,1877,5,,,0,105,,1879,5,,,0,995,,1878,8,,,0
