1001,'4614',724,,1307,31,,,0,105,,1311,31,,,0,186,,1308,31,,,0,504,,1312,31,,,0,231,,1309,31,,,0,89,,1310,31,,,0,179,,1313,31,,,0
1001,'5087',1519,,1315,31,,,0,231,,1314,31,,,0,268,,1316,31,,,0
1001,'5274',1339,,1317,31,,,0
1001,'5276',1339,,1318,31,,,0
1001,'5284',824,,1319,31,,,0,377,,1320,31,,,0,818,,1321,31,,,0
1001,'5291',1339,,1322,31,,,0
1001,'5295',1339,,1323,31,,,0
1001,'5403',724,,1324,31,,,0,105,,1327,31,,,0,186,,1325,31,,,0,824,,1326,31,,,0
1001,'5404',724,,1328,31,,,0,105,,1331,31,,,0,186,,1329,31,,,0,824,,1330,31,,,0
7601,'5281',931,,1761,30,,,0
7601,'5294',931,,1767,30,,,0
24001001,'4614',2203,,1880,25,,,0
24001001,'5087',2203,,1881,25,,,0
24001001,'5284',1654,,1882,25,,,0
