1000,'4332',1102,,929,38,,,0,500,,930,38,,,0,325,,931,38,,,0
1000,'4480',1422,,232,38,,,0,695,,234,38,,,0
1000,'5264',922,,230,38,,,0,729,,231,38,,,0,271,,233,38,,,0
1000,'5265',1242,,240,38,,,0
1000,'5266',922,,932,38,,,0,729,,933,38,,,0,271,,934,38,,,0
1000,'5267',1242,,935,38,,,0
1000,'5270',1242,,936,38,,,0
7600,'5271',1038,,989,30,,,0
24001000,'4332',736,,1008,26,,,0
24001000,'4480',1744,,791,33,,,0
24001000,'5264',638,,790,26,,,0,105,,792,26,,,0
24001000,'5266',638,,1009,26,,,0,105,,1010,26,,,0
