100,'4332',843,,819,22,,,0,75,,821,22,,,0,99,,822,29,,,0,37,,820,22,,,0,90,,823,22,,,0,115,,824,22,,,0,160,,825,22,,,0,120,,826,22,,,0,75,,827,22,,,0,108,,828,29,,,0,195,,829,22,,,0
100,'4480',642,,14,15,,,0,115,,13,22,,,0,65,,835,22,,,0,33,,836,29,,,0,45,,844,11,,,0,31,,849,22,,,0,80,,845,22,,,0,121,,838,22,,,0,26,,837,29,,,0,158,,839,22,,,0,14,,846,11,,,0,28,,840,29,,,0,147,,20,11,,,0,8,,841,22,,,0,93,,842,29,,,0,112,,847,29,,,0,95,,848,29,,,0,44,,843,29,,,0
100,'4661',1527,,853,22,,,0,416,,854,22,,,0,115,,855,22,,,0,154,,856,22,,,0
100,'4663',1527,,830,22,,,0,416,,831,22,,,0,115,,832,22,,,0,154,,833,22,,,0,104,,834,22,,,0
100,'4674',739,,857,29,,,0,302,,858,22,,,0,70,,859,29,,,0
100,'4676',739,,850,29,,,0,302,,851,22,,,0,70,,852,29,,,0
201,'4480',833,,90,33,,,0
301,'4480',737,,156,18,0,13,0,81,,905,18,0,13,0,39,,158,18,0,13,0,200,,908,18,0,13,0,100,,909,18,0,13,0,245,,163,18,0,13,0,50,,164,18,0,13,0,100,,912,18,0,13,0,152,,913,18,0,13,0,128,,911,18,0,13,0
301,'4661',1637,,916,18,0,13,0,100,,917,18,0,13,0
301,'4663',1637,,898,18,0,13,0,100,,899,18,0,13,0
7200,'4676',844,,982,5,,,0,575,,981,5,,,0,421,,983,3,0,37,0
