201,'4614',633,,1104,17,,,0,67,,1105,17,,,0,113,,1103,17,,,0,28,,1101,17,,,0,77,,1106,18,,,0,30,,1107,18,,,0,102,,1108,20,,,0,68,,1109,18,,,0,106,,1110,20,,,0,96,,1111,18,,,0,106,,1112,20,,,0,19,,1113,18,,,0,177,,1115,20,,,0,296,,1116,18,,,0
201,'4619',1554,,1117,18,,,0,105,,1118,18,,,0,99,,1119,18,,,0,248,,1120,18,,,0,115,,1121,18,,,0,113,,1122,17,,,0
201,'4623',1554,,1123,18,,,0,105,,1124,18,,,0,99,,1125,18,,,0,248,,1126,18,,,0,115,,1127,18,,,0,113,,1128,17,,,0
201,'4931',1554,,1129,18,,,0,105,,1130,18,,,0,99,,1131,18,,,0,248,,1132,18,,,0,115,,1133,18,,,0
201,'5087',700,,1135,17,,,0,113,,1134,17,,,0,105,,1136,18,,,0
201,'5274',1726,,1137,18,,,0
201,'5276',1726,,1138,18,,,0
201,'5284',827,,1148,18,,,0,111,,1139,18,,,0,113,,1140,20,,,0,158,,1141,18,,,0,116,,1142,20,,,0,117,,1143,18,,,0,200,,1144,20,,,0,106,,1145,18,,,0,80,,1146,18,,,0,114,,1147,18,,,0
201,'5291',1726,,1149,18,,,0
201,'5295',1726,,1150,18,,,0
201,'5403',633,,1152,17,,,0,208,,1151,17,,,0,107,,1153,18,,,0,102,,1154,20,,,0,68,,1155,18,,,0,106,,1156,20,,,0,96,,1157,18,,,0,106,,1158,20,,,0,19,,1159,18,,,0,109,,1160,18,,,0,68,,1163,20,,,0,37,,1161,18,,,0,99,,1162,18,,,0,160,,1164,18,,,0,88,,1165,18,,,0,115,,1166,18,,,0
201,'5404',633,,1168,17,,,0,208,,1167,17,,,0,107,,1169,18,,,0,102,,1170,20,,,0,68,,1171,18,,,0,106,,1172,20,,,0,96,,1173,18,,,0,106,,1174,20,,,0,19,,1175,18,,,0,177,,1176,20,,,0,296,,1177,18,,,0
201,'5405',1554,,1178,18,,,0,105,,1179,18,,,0,99,,1180,18,,,0,248,,1181,18,,,0,115,,1182,18,,,0
