201,'4332',813,,87,3,0,32,0,110,,78,3,0,32,0,110,,79,3,0,32,0,121,,80,3,0,32,0,153,,81,3,0,32,0,120,,82,3,0,32,0,197,,83,3,0,32,0,109,,84,3,0,32,0,80,,85,3,0,32,0,115,,86,3,0,32,0
201,'4480',622,,91,3,0,32,0,26,,92,3,0,32,0,155,,90,3,0,32,0,26,,88,3,0,32,0,74,,93,3,0,32,0,30,,94,3,0,32,0,100,,95,3,0,32,0,70,,96,3,0,32,0,101,,97,3,0,32,0,100,,98,3,0,32,0,105,,99,3,0,32,0,20,,100,3,0,32,0,174,,102,3,0,32,0,300,,103,3,0,32,0
201,'4661',1539,,118,3,0,32,0,104,,119,3,0,32,0,100,,120,3,0,32,0,210,,121,3,0,32,0,155,,122,3,0,32,0
201,'4663',1539,,125,3,0,32,0,104,,126,3,0,32,0,100,,127,3,0,32,0,210,,128,3,0,32,0,155,,129,3,0,32,0,114,,130,3,0,32,0
201,'4674',1710,,123,3,0,32,0
201,'4676',1710,,124,3,0,32,0
401,'4332',1406,,220,3,,,0
401,'4480',1112,,221,3,,,0,212,,222,3,,,0,125,,223,3,,,0
1000,'4332',1026,,227,3,,,0,498,,228,3,,,0,326,,229,3,,,0
1000,'4480',846,,230,3,,,0,499,,232,3,,,0,269,,231,3,,,0,232,,233,3,,,0,195,,234,3,,,0
1000,'4674',1206,,240,3,,,0
1000,'4676',1206,,241,3,,,0
7200,'4676',848,,672,8,4,,0,576,,671,8,4,,0,419,,673,6,4,,0
7401,'4677',1018,,685,46,4,,0
7600,'4682',1009,,691,4,,,0
18000201,'4480',1519,,787,3,0,32 2 33 34,0
24001000,'4480',1709,,791,3,,,0
