201,'4614',637,,1104,25,,,0,68,,1105,25,,,0,114,,1103,25,,,0,27,,1101,25,,,0,77,,1106,26,,,0,29,,1107,26,,,0,103,,1108,28,,,0,68,,1109,26,,,0,107,,1110,28,,,0,96,,1111,26,,,0,106,,1112,28,,,0,18,,1113,26,,,0,176,,1115,28,,,0,296,,1116,26,,,0
201,'4619',1559,,1117,26,,,0,145,,1118,26,,,0,98,,1119,26,,,0,208,,1120,26,,,0,115,,1121,26,,,0,113,,1122,25,,,0
201,'4623',1559,,1123,26,,,0,145,,1124,26,,,0,98,,1125,26,,,0,208,,1126,26,,,0,115,,1127,26,,,0,113,,1128,25,,,0
201,'4931',1559,,1129,26,,,0,145,,1130,26,,,0,98,,1131,26,,,0,208,,1132,26,,,0,115,,1133,26,,,0
201,'5087',705,,1135,25,,,0,114,,1134,25,,,0,104,,1136,26,,,0
201,'5274',1730,,1137,26,,,0
201,'5276',1730,,1138,26,,,0
201,'5284',831,,1148,26,,,0,112,,1139,26,,,0,113,,1140,28,,,0,158,,1141,26,,,0,116,,1142,28,,,0,117,,1143,26,,,0,200,,1144,28,,,0,106,,1145,26,,,0,80,,1146,26,,,0,113,,1147,26,,,0
201,'5291',1730,,1149,26,,,0
201,'5295',1730,,1150,26,,,0
201,'5403',637,,1152,25,,,0,209,,1151,25,,,0,106,,1153,26,,,0,103,,1154,28,,,0,68,,1155,26,,,0,107,,1156,28,,,0,96,,1157,26,,,0,106,,1158,28,,,0,18,,1159,26,,,0,109,,1160,26,,,0,67,,1163,28,,,0,78,,1161,26,,,0,98,,1162,26,,,0,120,,1164,26,,,0,88,,1165,26,,,0,115,,1166,26,,,0
201,'5404',637,,1168,25,,,0,209,,1167,25,,,0,106,,1169,26,,,0,103,,1170,28,,,0,68,,1171,26,,,0,107,,1172,28,,,0,96,,1173,26,,,0,106,,1174,28,,,0,18,,1175,26,,,0,176,,1176,28,,,0,296,,1177,26,,,0
201,'5405',1559,,1178,26,,,0,145,,1179,26,,,0,98,,1180,26,,,0,208,,1181,26,,,0,115,,1182,26,,,0
1001,'4614',730,,1307,40,,,0,105,,1311,40,,,0,187,,1308,40,,,0,503,,1312,40,,,0,231,,1309,40,,,0,89,,1310,40,,,0,179,,1313,40,,,0
1001,'5087',1525,,1315,40,,,0,231,,1314,40,,,0,268,,1316,40,,,0
1001,'5274',1345,,1317,40,,,0
1001,'5276',1345,,1318,40,,,0
1001,'5284',830,,1319,40,,,0,378,,1320,40,,,0,817,,1321,40,,,0
1001,'5291',1345,,1322,40,,,0
1001,'5295',1345,,1323,40,,,0
1001,'5403',730,,1324,40,,,0,105,,1327,40,,,0,187,,1325,40,,,0,823,,1326,40,,,0
1001,'5404',730,,1328,40,,,0,105,,1331,40,,,0,187,,1329,40,,,0,823,,1330,40,,,0
