301,'4614',624,,1187,7,0,28 29,0,101,,1186,7,0,28 29,0,29,,1183,7,0,28 29,0,51,,1184,7,0,30,0,39,,1188,7,0,30,0,60,,1198,7,0,28 29,0,40,,1189,7,0,28 29,0,100,,1190,7,0,30,0,100,,1191,7,0,30,0,108,,1192,7,0,28 29,0,95,,1193,7,0,30,0,89,,1194,7,0,30,0,104,,1196,7,0,30,0,111,,1197,7,0,30,0,168,,1195,7,0,30,0
301,'4619',1624,,1199,7,0,30,0,101,,1200,7,0,30,0,194,,1201,7,0,28 29,0,115,,1202,7,0,28 29,0,115,,1203,7,0,28 29,0,105,,1204,7,0,28 29,0
301,'4623',1624,,1205,7,0,30,0,101,,1206,7,0,30,0,194,,1207,7,0,28 29,0,115,,1208,7,0,28 29,0,115,,1209,7,0,28 29,0,105,,1210,7,0,28 29,0
301,'4931',1624,,1211,7,0,30,0,101,,1212,7,0,30,0,194,,1213,7,0,28 29,0,115,,1214,7,0,28 29,0,115,,1215,7,0,28 29,0
301,'5087',624,,1217,7,0,28 29,0,101,,1216,7,0,28 29,0,119,,1218,7,0,30,0,975,,1219,7,0,30,0
301,'5274',1014,,1220,7,0,28 29,0
301,'5276',1014,,1221,7,0,28 29,0
301,'5284',819,,1222,7,0,28 29,0,35,,1224,7,0,28 29,0,176,,1223,7,0,28 29,0,90,,1226,7,0,28 29,0,115,,1225,7,0,28 29,0,120,,1227,7,0,28 29,0,160,,1228,7,0,28 29,0,35,,1229,7,0,28 29,0,303,,1230,7,0,28 29,0
301,'5291',1014,,1231,7,0,28 29,0
301,'5295',1014,,1232,7,0,28 29,0
301,'5403',754,,1233,7,0,28 29,0,51,,1234,7,0,30,0,99,,1249,7,0,28 29,0,40,,1236,7,0,28 29,0,100,,1237,7,0,30,0,100,,1238,7,0,30,0,108,,1239,7,0,28 29,0,95,,1240,7,0,30,0,89,,1241,7,0,30,0,104,,1244,7,0,30,0,84,,1242,7,0,30,0,27,,1246,7,0,30,0,74,,1243,7,0,30,0,194,,1245,7,0,28 29,0,115,,1247,7,0,28 29,0,115,,1248,7,0,28 29,0
301,'5404',754,,1250,7,0,28 29,0,51,,1251,7,0,30,0,99,,1261,7,0,28 29,0,40,,1253,7,0,28 29,0,100,,1254,7,0,30,0,100,,1255,7,0,30,0,108,,1256,7,0,28 29,0,95,,1257,7,0,30,0,89,,1258,7,0,30,0,104,,1259,7,0,30,0,111,,1260,7,0,30,0
301,'5405',1624,,1262,7,0,30,0,101,,1263,7,0,30,0,194,,1264,7,0,28 29,0,115,,1265,7,0,28 29,0,115,,1266,7,0,28 29,0
