201,'4332',838,,869,30,,,0,114,,860,30,,,0,153,,861,32,,,0,118,,862,30,,,0,116,,863,32,,,0,117,,864,30,,,0,200,,865,32,,,0,145,,866,30,,,0,41,,867,30,,,0,112,,868,30,,,0
201,'4480',643,,91,28,,,0,70,,92,29,,,0,142,,88,29,,,0,77,,93,30,,,0,70,,94,30,,,0,102,,95,32,,,0,231,,98,30,,,0
201,'4663',1608,,870,30,,,0,103,,871,30,,,0,100,,872,30,,,0,209,,873,30,,,0,114,,874,30,,,0,109,,875,28,,,0
201,'4674',1738,,123,30,,,0
201,'4676',1738,,124,30,,,0
201,'5264',1132,,96,30,,,0,105,,97,32,,,0,203,,99,32,,,0,19,,100,30,,,0,149,,118,30,,,0,27,,102,32,,,0,76,,119,30,,,0,100,,120,30,,,0,119,,103,30,,,0,90,,121,30,,,0,114,,122,30,,,0
201,'5266',1132,,877,30,,,0,105,,878,32,,,0,203,,879,32,,,0,19,,880,30,,,0,176,,882,32,,,0,295,,883,30,,,0
201,'5268',1608,,884,30,,,0,103,,885,30,,,0,100,,886,30,,,0,209,,887,30,,,0,114,,888,30,,,0
400,'4332',1513,,922,3,,,0
400,'4480',1253,,212,3,,,0
400,'4663',1507,,923,3,,,0
400,'5264',1418,,213,3,,,0,89,,216,3,,,0
400,'5266',1418,,924,3,,,0
400,'5268',1507,,925,3,,,0
1001,'4332',839,,937,44,,,0,378,,938,44,,,0,816,,939,44,,,0
1001,'4480',1536,,252,44,,,0,318,,250,44,,,0
1001,'5264',738,,247,44,,,0,105,,251,44,,,0,188,,248,44,,,0,774,,249,44,,,0,227,,253,44,,,0
1001,'5265',1355,,261,44,,,0
1001,'5266',738,,940,44,,,0,105,,943,44,,,0,188,,941,44,,,0,774,,942,44,,,0,227,,944,44,,,0
1001,'5267',1355,,945,44,,,0
1001,'5270',1355,,946,44,,,0
7201,'5267',716,,985,2,0,36,0,525,,984,2,,,0,470,,986,2,,,0
7400,'5269',1609,,987,2,,,0
7601,'5271',939,,990,35,4,,0
24001001,'4332',1659,,1011,30,,,0
24001001,'4480',2211,,797,30,,,0
