2000,'4614',706,,1348,42,,,0,225,,1349,42,,,0,322,,1350,42,,,0,577,,1351,33,,,0,119,,1352,33,,,0
2000,'5087',706,,1353,42,,,0,225,,1354,42,,,0,899,,1355,33,,,0,119,,1356,33,,,0
2000,'5274',802,,1357,4,,,0
2000,'5276',802,,1358,4,,,0
2000,'5284',743,,1360,41,,,0,506,,1362,41,,,0,685,,1359,33,,,0
2000,'5291',802,,1363,4,,,0
2000,'5295',802,,1364,4,,,0
2000,'5403',1253,,1365,42,,,0
2000,'5404',1253,,1366,42,,,0
7401,'5278',955,,1745,37,,,0
7401,'5292',955,,1746,37,,,0
9900,'4614',714,,1820,18,,,0,88,,1821,18,,,0,116,,1822,18,,,0,141,,1823,18,,,0,263,,1824,18,,,0,311,,1825,18,,,0,98,,1826,18,,,0,89,,1827,18,,,0
9900,'5087',918,,1828,18,,,0,141,,1829,18,,,0,672,,1830,18,,,0
9900,'5284',1001,,1831,18,,,0,344,,1832,18,,,0,479,,1833,18,,,0
9900,'5403',714,,1834,18,,,0,88,,1835,18,,,0,520,,1836,18,,,0,311,,1837,18,,,0,187,,1838,18,,,0
9900,'5404',714,,1839,18,,,0,88,,1840,18,,,0,520,,1841,18,,,0,311,,1842,18,,,0,187,,1843,18,,,0
