100,'4614',750,,1015,21,,,0,70,,1014,21,,,0,34,,1017,28,,,0,3,,1025,10,,,0,73,,1030,21,,,0,79,,1026,21,,,0,147,,1018,28,,,0,161,,1020,21,,,0,10,,1027,10,,,0,32,,1021,28,,,0,150,,1022,28,,,0,96,,1023,28,,,0,112,,1028,28,,,0,94,,1029,28,,,0,45,,1024,28,,,0
100,'4619',1942,,1032,21,,,0,115,,1033,21,,,0,153,,1034,21,,,0,105,,1035,21,,,0
100,'4623',1942,,1037,21,,,0,115,,1038,21,,,0,153,,1039,21,,,0,105,,1040,21,,,0
100,'4931',1942,,1042,21,,,0,115,,1043,21,,,0,153,,1044,21,,,0
100,'5087',750,,1045,21,,,0,855,,1047,28,,,0,112,,1048,28,,,0,94,,1049,28,,,0
100,'5274',1039,,1050,21,,,0,67,,1051,28,,,0
100,'5276',1039,,1052,21,,,0,67,,1053,28,,,0
100,'5284',842,,1054,21,,,0,75,,1056,21,,,0,99,,1057,28,,,0,37,,1055,21,,,0,90,,1058,21,,,0,115,,1059,21,,,0,160,,1060,21,,,0,120,,1061,21,,,0,75,,1062,21,,,0,108,,1063,28,,,0,195,,1064,21,,,0
100,'5291',1039,,1065,21,,,0,67,,1066,28,,,0
100,'5295',1039,,1067,21,,,0,67,,1068,28,,,0
100,'5403',820,,1069,21,,,0,34,,1070,28,,,0,3,,1081,10,,,0,73,,1084,21,,,0,79,,1082,21,,,0,147,,1071,28,,,0,161,,1073,21,,,0,10,,1083,10,,,0,32,,1074,28,,,0,150,,1075,28,,,0,347,,1077,28,,,0,86,,1078,21,,,0,115,,1079,21,,,0,153,,1080,21,,,0
100,'5404',820,,1085,21,,,0,34,,1086,28,,,0,3,,1093,10,,,0,73,,1096,21,,,0,79,,1094,21,,,0,147,,1087,28,,,0,161,,1089,21,,,0,10,,1095,10,,,0,32,,1090,28,,,0,150,,1091,28,,,0,347,,1092,28,,,0
100,'5405',1942,,1098,21,,,0,115,,1099,21,,,0,153,,1100,21,,,0
201,'4614',828,,1103,30,,,0,2,,1103,32,,,0
