301,'4614',632,,1187,16,0,28 29,0,102,,1186,16,0,28 29,0,69,,1183,16,0,28 29,0,12,,1184,16,0,13,0,39,,1188,16,0,13,0,59,,1198,16,0,28 29,0,40,,1189,16,0,28 29,0,101,,1190,16,0,13,0,100,,1191,16,0,13,0,147,,1192,16,0,28 29,0,56,,1193,16,0,13,0,89,,1194,16,0,13,0,103,,1196,16,0,13,0,151,,1197,16,0,13,0,128,,1195,16,0,13,0
301,'4619',1633,,1199,16,0,13,0,101,,1200,16,0,13,0,193,,1201,16,0,28 29,0,115,,1202,16,0,28 29,0,114,,1203,16,0,28 29,0,145,,1204,16,0,28 29,0
301,'4623',1633,,1205,16,0,13,0,101,,1206,16,0,13,0,193,,1207,16,0,28 29,0,115,,1208,16,0,28 29,0,114,,1209,16,0,28 29,0,145,,1210,16,0,28 29,0
301,'4931',1633,,1211,16,0,13,0,101,,1212,16,0,13,0,193,,1213,16,0,28 29,0,115,,1214,16,0,28 29,0,114,,1215,16,0,28 29,0
301,'5087',632,,1217,16,0,28 29,0,102,,1216,16,0,28 29,0,120,,1218,16,0,13,0,974,,1219,16,0,13,0
301,'5274',1023,,1220,16,0,28 29,0
301,'5276',1023,,1221,16,0,28 29,0
301,'5284',827,,1222,16,0,28 29,0,75,,1224,16,0,28 29,0,136,,1223,16,0,28 29,0,90,,1226,16,0,28 29,0,115,,1225,16,0,28 29,0,160,,1227,16,0,28 29,0,120,,1228,16,0,28 29,0,35,,1229,16,0,28 29,0,343,,1230,16,0,28 29,0
301,'5291',1023,,1231,16,0,28 29,0
301,'5295',1023,,1232,16,0,28 29,0
301,'5403',803,,1233,16,0,28 29,0,12,,1234,16,0,13,0,98,,1249,16,0,28 29,0,40,,1236,16,0,28 29,0,101,,1237,16,0,13,0,100,,1238,16,0,13,0,147,,1239,16,0,28 29,0,56,,1240,16,0,13,0,89,,1241,16,0,13,0,103,,1244,16,0,13,0,84,,1242,16,0,13,0,67,,1246,16,0,13,0,34,,1243,16,0,13,0,193,,1245,16,0,28 29,0,115,,1247,16,0,28 29,0,114,,1248,16,0,28 29,0
301,'5404',803,,1250,16,0,28 29,0,12,,1251,16,0,13,0,98,,1261,16,0,28 29,0,40,,1253,16,0,28 29,0,101,,1254,16,0,13,0,100,,1255,16,0,13,0,147,,1256,16,0,28 29,0,56,,1257,16,0,13,0,89,,1258,16,0,13,0,103,,1259,16,0,13,0,151,,1260,16,0,13,0
301,'5405',1633,,1262,16,0,13,0,101,,1263,16,0,13,0,193,,1264,16,0,28 29,0,115,,1265,16,0,28 29,0,114,,1266,16,0,28 29,0
