100,'4332',839,,819,19,,,0,75,,821,19,,,0,99,,822,26,,,0,37,,820,19,,,0,90,,823,19,,,0,115,,824,19,,,0,160,,825,19,,,0,120,,826,19,,,0,75,,827,19,,,0,108,,828,26,,,0,195,,829,19,,,0
100,'4480',1500,,20,8,,,0
100,'4663',1939,,831,19,,,0,115,,832,19,,,0,154,,833,19,,,0,104,,834,19,,,0
100,'5264',817,,12,19,,,0,33,,15,26,,,0,5,,24,8,,,0,71,,29,19,,,0,80,,25,19,,,0,147,,16,26,,,0,158,,18,19,,,0,14,,26,8,,,0,28,,19,26,,,0,248,,22,26,,,0,112,,27,26,,,0,95,,28,26,,,0,45,,23,26,,,0,86,,49,19,,,0,115,,50,19,,,0,154,,51,19,,,0
100,'5265',734,,52,26,,,0,302,,53,19,,,0,70,,54,26,,,0
100,'5266',817,,835,19,,,0,33,,836,26,,,0,5,,844,8,,,0,71,,849,19,,,0,80,,845,19,,,0,147,,837,26,,,0,158,,839,19,,,0,14,,846,8,,,0,28,,840,26,,,0,248,,842,26,,,0,112,,847,26,,,0,95,,848,26,,,0,45,,843,26,,,0
100,'5267',734,,850,26,,,0,302,,851,19,,,0,70,,852,26,,,0
100,'5268',1939,,854,19,,,0,115,,855,19,,,0,154,,856,19,,,0
100,'5270',734,,857,26,,,0,302,,858,19,,,0,70,,859,26,,,0
7600,'5271',1000,,989,1,,,0
7601,'5271',950,,990,41,4,,0
