201,'4332',831,,87,27,,,0,113,,78,27,,,0,113,,79,29,,,0,158,,80,27,,,0,116,,81,29,,,0,117,,82,27,,,0,200,,83,29,,,0,106,,84,27,,,0,80,,85,27,,,0,113,,86,27,,,0
201,'4480',639,,91,26,,,0,66,,92,26,,,0,117,,90,26,,,0,25,,88,26,,,0,77,,93,27,,,0,30,,94,27,,,0,102,,95,29,,,0,68,,96,27,,,0,103,,97,29,,,0,98,,98,27,,,0,107,,99,29,,,0,18,,100,27,,,0,176,,102,29,,,0,297,,103,27,,,0
201,'4661',1559,,118,27,,,0,144,,119,27,,,0,100,,120,27,,,0,209,,121,27,,,0,114,,122,27,,,0
201,'4663',1559,,125,27,,,0,144,,126,27,,,0,100,,127,27,,,0,209,,128,27,,,0,114,,129,27,,,0,113,,130,26,,,0
201,'4674',1730,,123,27,,,0
201,'4676',1730,,124,27,,,0
1001,'4332',831,,244,41,,,0,378,,245,41,,,0,817,,246,41,,,0
1001,'4480',730,,247,41,,,0,105,,251,41,,,0,188,,248,41,,,0,504,,252,41,,,0,230,,249,41,,,0,89,,250,41,,,0,179,,253,41,,,0
1001,'4674',1347,,261,41,,,0
1001,'4676',1347,,262,41,,,0
