'4332',20260404,1,20260411,1,20260418,1,20260425,1,20260502,1,20260509,1,20260516,1,20260523,1,20260530,1,20260606,1,20260613,1,20260620,1,20260627,1
'4480',20260401,1,20260402,1,20260407,1,20260408,1,20260409,1,20260410,1,20260413,1,20260414,1,20260415,1,20260416,1,20260417,1,20260420,1,20260421,1,20260422,1,20260423,1,20260424,1,20260427,1,20260428,1,20260429,1,20260430,1,20260501,1,20260504,1,20260505,1,20260506,1,20260507,1,20260508,1,20260511,1,20260512,1,20260513,1,20260514,1,20260515,1,20260519,1,20260520,1,20260521,1,20260522,1,20260525,1,20260526,1,20260527,1,20260528,1,20260529,1,20260601,1,20260602,1,20260603,1,20260604,1,20260605,1,20260608,1,20260609,1,20260610,1,20260611,1,20260612,1,20260615,1,20260616,1,20260617,1,20260618,1,20260619,1,20260622,1,20260623,1,20260624,1,20260625,1,20260626,1
'4661',20260401,1,20260402,1,20260407,1,20260408,1,20260409,1,20260413,1,20260414,1,20260415,1,20260416,1,20260420,1,20260421,1,20260422,1,20260423,1,20260427,1,20260428,1,20260429,1,20260430,1,20260504,1,20260505,1,20260506,1,20260507,1,20260511,1,20260512,1,20260513,1,20260514,1,20260519,1,20260520,1,20260521,1,20260525,1,20260526,1,20260527,1,20260528,1,20260601,1,20260602,1,20260603,1,20260604,1,20260608,1,20260609,1,20260610,1,20260611,1,20260615,1,20260616,1,20260617,1,20260618,1,20260622,1,20260623,1,20260624,1,20260625,1
'4663',20260410,1,20260417,1,20260424,1,20260501,1,20260508,1,20260515,1,20260522,1,20260529,1,20260605,1,20260612,1,20260619,1,20260626,1
'4673',20260401,1,20260402,1,20260407,1,20260408,1,20260409,1,20260414,1,20260415,1,20260416,1,20260421,1,20260422,1,20260423,1,20260428,1,20260429,1,20260430,1,20260505,1,20260506,1,20260507,1,20260512,1,20260513,1,20260514,1,20260519,1,20260520,1,20260521,1,20260526,1,20260527,1,20260528,1,20260602,1,20260603,1,20260604,1,20260609,1,20260610,1,20260611,1,20260616,1,20260617,1,20260618,1,20260623,1,20260624,1,20260625,1
'4674',20260401,1,20260408,1,20260413,1,20260415,1,20260420,1,20260422,1,20260427,1,20260429,1,20260504,1,20260506,1,20260511,1,20260513,1,20260520,1,20260525,1,20260527,1,20260601,1,20260603,1,20260608,1,20260610,1,20260615,1,20260617,1,20260622,1,20260624,1
'4675',20260401,1,20260408,1,20260415,1,20260422,1,20260429,1,20260506,1,20260513,1,20260520,1,20260527,1,20260603,1,20260610,1,20260617,1,20260624,1
'4676',20260402,1,20260407,1,20260409,1,20260410,1,20260414,1,20260416,1,20260417,1,20260421,1,20260423,1,20260424,1,20260428,1,20260430,1,20260501,1,20260505,1,20260507,1,20260508,1,20260512,1,20260514,1,20260515,1,20260519,1,20260521,1,20260522,1,20260526,1,20260528,1,20260529,1,20260602,1,20260604,1,20260605,1,20260609,1,20260611,1,20260612,1,20260616,1,20260618,1,20260619,1,20260623,1,20260625,1,20260626,1
'4677',20260402,1,20260407,1,20260409,1,20260414,1,20260416,1,20260421,1,20260423,1,20260428,1,20260430,1,20260505,1,20260507,1,20260512,1,20260514,1,20260519,1,20260521,1,20260526,1,20260528,1,20260602,1,20260604,1,20260609,1,20260611,1,20260616,1,20260618,1,20260623,1,20260625,1
'4678',20260402,1,20260409,1,20260416,1,20260423,1,20260430,1,20260507,1,20260514,1,20260521,1,20260528,1,20260604,1,20260611,1,20260618,1,20260625,1
'4679',20260407,1,20260410,1,20260414,1,20260417,1,20260421,1,20260424,1,20260428,1,20260501,1,20260505,1,20260508,1,20260512,1,20260515,1,20260519,1,20260522,1,20260526,1,20260529,1,20260602,1,20260605,1,20260609,1,20260612,1,20260616,1,20260619,1,20260623,1,20260626,1
'4681',20260413,1,20260420,1,20260427,1,20260504,1,20260511,1,20260525,1,20260601,1,20260608,1,20260615,1,20260622,1
'4682',20260407,1,20260414,1,20260421,1,20260428,1,20260505,1,20260512,1,20260519,1,20260526,1,20260602,1,20260609,1,20260616,1,20260623,1
