201,'4332',817,,869,5,0,32,0,110,,860,5,0,32,0,110,,861,5,0,32,0,121,,862,5,0,32,0,153,,863,5,0,32,0,120,,864,5,0,32,0,197,,865,5,0,32,0,109,,866,5,0,32,0,80,,867,5,0,32,0,115,,868,5,0,32,0
201,'4480',907,,93,5,0,32,0,30,,94,5,0,32,0,100,,95,5,0,32,0,70,,877,5,0,32,0,101,,878,5,0,32,0,100,,98,5,0,32,0,105,,879,5,0,32,0,20,,880,5,0,32,0,174,,882,5,0,32,0,300,,883,5,0,32,0
201,'4661',1543,,884,5,0,32,0,104,,885,5,0,32,0,100,,886,5,0,32,0,209,,887,5,0,32,0,155,,888,5,0,32,0
201,'4663',1543,,870,5,0,32,0,104,,871,5,0,32,0,100,,872,5,0,32,0,209,,873,5,0,32,0,155,,874,5,0,32,0
201,'4674',1714,,123,5,0,32,0
201,'4676',1714,,124,5,0,32,0
1000,'4332',1030,,929,5,,,0,498,,930,5,,,0,326,,931,5,,,0
1000,'4480',850,,932,5,,,0,499,,232,5,,,0,269,,933,5,,,0,232,,934,5,,,0,195,,234,5,,,0
1000,'4674',1210,,936,5,,,0
1000,'4676',1210,,935,5,,,0
7400,'4677',1605,,987,1,,,0
7401,'4677',1022,,988,48,4,,0
24001000,'4480',1713,,791,5,,,0
