201,'4614',634,,1104,19,,,0,68,,1105,19,,,0,112,,1103,19,,,0,29,,1101,19,,,0,77,,1106,20,,,0,29,,1107,20,,,0,103,,1108,22,,,0,68,,1109,20,,,0,106,,1110,22,,,0,96,,1111,20,,,0,106,,1112,22,,,0,19,,1113,20,,,0,176,,1115,22,,,0,296,,1116,20,,,0
201,'4619',1556,,1117,20,,,0,145,,1118,20,,,0,58,,1119,20,,,0,248,,1120,20,,,0,115,,1121,20,,,0,113,,1122,19,,,0
201,'4623',1556,,1123,20,,,0,145,,1124,20,,,0,58,,1125,20,,,0,248,,1126,20,,,0,115,,1127,20,,,0,113,,1128,19,,,0
201,'4931',1556,,1129,20,,,0,145,,1130,20,,,0,58,,1131,20,,,0,248,,1132,20,,,0,115,,1133,20,,,0
201,'5087',702,,1135,19,,,0,112,,1134,19,,,0,106,,1136,20,,,0
201,'5274',1727,,1137,20,,,0
201,'5276',1727,,1138,20,,,0
201,'5284',828,,1148,20,,,0,112,,1139,20,,,0,113,,1140,22,,,0,158,,1141,20,,,0,116,,1142,22,,,0,117,,1143,20,,,0,200,,1144,22,,,0,106,,1145,20,,,0,80,,1146,20,,,0,113,,1147,20,,,0
201,'5291',1727,,1149,20,,,0
201,'5295',1727,,1150,20,,,0
201,'5403',634,,1152,19,,,0,209,,1151,19,,,0,106,,1153,20,,,0,103,,1154,22,,,0,68,,1155,20,,,0,106,,1156,22,,,0,96,,1157,20,,,0,106,,1158,22,,,0,19,,1159,20,,,0,109,,1160,20,,,0,67,,1163,22,,,0,78,,1161,20,,,0,58,,1162,20,,,0,160,,1164,20,,,0,88,,1165,20,,,0,115,,1166,20,,,0
201,'5404',634,,1168,19,,,0,209,,1167,19,,,0,106,,1169,20,,,0,103,,1170,22,,,0,68,,1171,20,,,0,106,,1172,22,,,0,96,,1173,20,,,0,106,,1174,22,,,0,19,,1175,20,,,0,176,,1176,22,,,0,296,,1177,20,,,0
201,'5405',1556,,1178,20,,,0,145,,1179,20,,,0,58,,1180,20,,,0,248,,1181,20,,,0,115,,1182,20,,,0
