1000,'4332',1111,,929,45,,,0,500,,930,45,,,0,325,,931,45,,,0
1000,'4480',1431,,232,45,,,0,695,,234,45,,,0
1000,'5264',931,,230,45,,,0,769,,231,45,,,0,231,,233,45,,,0
1000,'5265',1251,,240,45,,,0
1000,'5266',931,,932,45,,,0,769,,933,45,,,0,231,,934,45,,,0
1000,'5267',1251,,935,45,,,0
1000,'5270',1251,,936,45,,,0
7600,'5271',1044,,989,36,,,0
24001000,'4332',742,,1008,32,,,0
24001000,'4480',1753,,791,40,,,0
24001000,'5264',644,,790,32,,,0,105,,792,32,,,0
24001000,'5266',644,,1009,32,,,0,105,,1010,32,,,0
