1000,'4614',930,,1289,44,,,0,500,,1291,44,,,0,228,,1290,44,,,0,271,,1292,44,,,0,196,,1293,44,,,0
1000,'5087',1430,,1295,44,,,0,228,,1294,44,,,0,271,,1296,44,,,0,196,,1297,44,,,0
1000,'5274',1250,,1298,44,,,0
1000,'5276',1250,,1299,44,,,0
1000,'5284',1109,,1300,44,,,0,500,,1301,44,,,0,325,,1302,44,,,0
1000,'5291',1250,,1303,44,,,0
1000,'5295',1250,,1304,44,,,0
1000,'5403',930,,1305,44,,,0
1000,'5404',930,,1306,44,,,0
7600,'5281',1043,,1749,35,,,0
7600,'5294',1043,,1755,35,,,0
24001000,'4614',642,,1870,31,,,0,105,,1872,31,,,0,1003,,1871,39,,,0
24001000,'5284',740,,1873,31,,,0
24001000,'5403',642,,1874,31,,,0,105,,1876,31,,,0,1003,,1875,39,,,0
24001000,'5404',642,,1877,31,,,0,105,,1879,31,,,0,1003,,1878,39,,,0
