201,'4614',630,,1104,13,,,0,27,,1105,13,,,0,152,,1103,13,,,0,29,,1101,13,,,0,77,,1106,14,,,0,30,,1107,14,,,0,101,,1108,16,,,0,69,,1109,14,,,0,105,,1110,16,,,0,97,,1111,14,,,0,105,,1112,16,,,0,20,,1113,14,,,0,176,,1115,16,,,0,297,,1116,14,,,0
201,'4619',1551,,1117,14,,,0,105,,1118,14,,,0,99,,1119,14,,,0,248,,1120,14,,,0,115,,1121,14,,,0,113,,1122,13,,,0
201,'4623',1551,,1123,14,,,0,105,,1124,14,,,0,99,,1125,14,,,0,248,,1126,14,,,0,115,,1127,14,,,0,113,,1128,13,,,0
201,'4931',1551,,1129,14,,,0,105,,1130,14,,,0,99,,1131,14,,,0,248,,1132,14,,,0,115,,1133,14,,,0
201,'5087',657,,1135,13,,,0,152,,1134,13,,,0,106,,1136,14,,,0
201,'5274',1723,,1137,14,,,0
201,'5276',1723,,1138,14,,,0
201,'5284',824,,1148,14,,,0,111,,1139,14,,,0,112,,1140,16,,,0,159,,1141,14,,,0,115,,1142,16,,,0,118,,1143,14,,,0,199,,1144,16,,,0,107,,1145,14,,,0,80,,1146,14,,,0,114,,1147,14,,,0
201,'5291',1723,,1149,14,,,0
201,'5295',1723,,1150,14,,,0
201,'5403',630,,1152,13,,,0,208,,1151,13,,,0,107,,1153,14,,,0,101,,1154,16,,,0,69,,1155,14,,,0,105,,1156,16,,,0,97,,1157,14,,,0,105,,1158,16,,,0,20,,1159,14,,,0,109,,1160,14,,,0,67,,1163,16,,,0,38,,1161,14,,,0,99,,1162,14,,,0,160,,1164,14,,,0,88,,1165,14,,,0,115,,1166,14,,,0
201,'5404',630,,1168,13,,,0,208,,1167,13,,,0,107,,1169,14,,,0,101,,1170,16,,,0,69,,1171,14,,,0,105,,1172,16,,,0,97,,1173,14,,,0,105,,1174,16,,,0,20,,1175,14,,,0,176,,1176,16,,,0,297,,1177,14,,,0
201,'5405',1551,,1178,14,,,0,105,,1179,14,,,0,99,,1180,14,,,0,248,,1181,14,,,0,115,,1182,14,,,0
18000201,'4614',1535,,1868,15,,,0
18000201,'5087',1535,,1869,15,,,0
