1000,'4614',924,,1289,39,,,0,500,,1291,39,,,0,227,,1290,39,,,0,272,,1292,39,,,0,196,,1293,39,,,0
1000,'5087',1424,,1295,39,,,0,227,,1294,39,,,0,272,,1296,39,,,0,196,,1297,39,,,0
1000,'5274',1244,,1298,39,,,0
1000,'5276',1244,,1299,39,,,0
1000,'5284',1103,,1300,39,,,0,500,,1301,39,,,0,325,,1302,39,,,0
1000,'5291',1244,,1303,39,,,0
1000,'5295',1244,,1304,39,,,0
1000,'5403',924,,1305,39,,,0
1000,'5404',924,,1306,39,,,0
7600,'5281',1039,,1749,31,,,0
7600,'5294',1039,,1755,31,,,0
24001000,'4614',638,,1870,27,,,0,105,,1872,27,,,0,1001,,1871,34,,,0
24001000,'5284',736,,1873,27,,,0
24001000,'5403',638,,1874,27,,,0,105,,1876,27,,,0,1001,,1875,34,,,0
24001000,'5404',638,,1877,27,,,0,105,,1879,27,,,0,1001,,1878,34,,,0
