4300,'4614',1511,,1543,5,,,0
4301,'4614',824,,1575,27,,,0
4401,'4614',704,,1594,5,0,21,0,13,,1594,22,,,0,17,,1605,5,0,21,0,13,,1605,22,,,0,67,,1596,5,0,21,0,15,,1596,22,,,0,171,,1597,5,0,22 23 16,0,122,,1598,5,0,21,0,13,,1598,22,,,0,73,,1604,5,0,22 23 16,0,192,,1595,5,0,21,0,13,,1595,22,,,0,97,,1601,5,0,21,0,16,,1601,22,,,0,174,,1599,5,0,22 23 16,0,17,,1600,5,0,21,0,13,,1600,22,,,0,75,,1603,5,0,21,0,13,,1603,22,,,0
4401,'4619',1959,,1606,5,0,22 23 16,0
4401,'4623',1959,,1607,5,0,22 23 16,0
4401,'5087',704,,1608,5,0,21,0,13,,1608,22,,,0,17,,1619,5,0,21,0,13,,1619,22,,,0,67,,1610,5,0,21,0,15,,1610,22,,,0,171,,1611,5,0,22 23 16,0,122,,1612,5,0,21,0,13,,1612,22,,,0,73,,1618,5,0,22 23 16,0,192,,1609,5,0,21,0,13,,1609,22,,,0,97,,1615,5,0,21,0,16,,1615,22,,,0,174,,1613,5,0,22 23 16,0,17,,1614,5,0,21,0,13,,1614,22,,,0,75,,1617,5,0,21,0,13,,1617,22,,,0
4401,'5284',827,,1622,5,0,21,0,13,,1622,22,,,0,183,,1624,5,0,21,0,13,,1624,22,,,0,166,,1623,5,0,21,0,13,,1623,22,,,0,307,,1620,5,0,21,0,13,,1620,22,,,0,114,,1621,5,0,21,0,53,,1621,22,,,0
9800,'4614',1515,,1773,5,0,7 8 2 9 2 10,0
9800,'5087',1515,,1783,5,0,7 8 2 9 2 10,0
9801,'4614',828,,1793,28,,,0
9801,'5087',828,,1806,28,,,0
24004301,'4614',800,,1894,19,,,0
