100,'4332',844,,819,23,4,,0,75,,821,23,4,,0,99,,822,30,4,,0,127,,823,23,4,,0,155,,824,23,4,,0,120,,825,23,4,,0,195,,827,23,4,,0,108,,828,30,4,,0,195,,829,23,4,,0
100,'4480',643,,14,16,4,,0,115,,13,23,4,,0,748,,20,12,4,,0
100,'4663',1528,,830,23,4,,0,416,,831,23,4,,0,115,,832,23,4,,0,154,,833,23,4,,0,104,,834,23,4,,0
100,'5264',1012,,25,23,4,,0,147,,16,30,4,,0,158,,18,23,4,,0,14,,26,12,4,,0,28,,19,30,4,,0,155,,21,23,4,,0,14,,48,23,4,,0,79,,22,30,4,,0,112,,27,30,4,,0,95,,28,30,4,,0,44,,23,30,4,,0,86,,49,23,4,,0,115,,50,23,4,,0,154,,51,23,4,,0
100,'5265',740,,52,30,4,,0
100,'5266',1012,,845,23,4,,0,147,,837,30,4,,0,158,,839,23,4,,0,14,,846,12,4,,0,28,,840,30,4,,0,155,,841,23,4,,0,93,,842,30,4,,0,112,,847,30,4,,0,95,,848,30,4,,0,44,,843,30,4,,0
100,'5267',740,,850,30,4,,0
100,'5268',1528,,853,23,4,,0,416,,854,23,4,,0,115,,855,23,4,,0,154,,856,23,4,,0
100,'5270',740,,857,30,4,,0
201,'4332',810,,869,1,0,32,0,32,,869,32,4,,0,78,,860,1,0,32,0,110,,861,1,0,32,0,120,,862,1,0,32,0,153,,863,1,0,32,0,120,,864,1,0,32,0,197,,865,1,0,32,0,110,,866,1,0,32,0,75,,866,32,4,,0,5,,867,1,0,32,0,115,,868,1,0,32,0,33,,868,32,4,,0
201,'4480',620,,91,1,0,32,0,26,,91,30,4,,0,154,,90,1,0,32,0,26,,88,1,0,32,0,33,,88,31,4,,0,41,,93,1,0,32,0,30,,94,1,0,32,0,76,,94,32,4,,0,24,,95,1,0,32,0,78,,95,34,4,,0,192,,98,1,0,32,0
201,'4663',1535,,870,1,0,32,0,105,,871,1,0,32,0,100,,872,1,0,32,0,210,,873,1,0,32,0,155,,874,1,0,32,0,115,,875,1,0,32,0
201,'4674',1707,,123,1,0,32,0
201,'4676',1707,,124,1,0,32,0
201,'5264',821,,89,1,0,38 39,0,279,,96,1,0,32,0,100,,97,1,0,32,0,205,,99,1,0,32,0,20,,100,1,0,32,0,20,,99,34,4,,0,90,,118,1,0,32,0,65,,102,1,0,32,0,40,,119,1,0,32,0,100,,120,1,0,32,0,160,,103,1,0,32,0,34,,103,32,4,,0,16,,121,1,0,32,0,155,,122,1,0,32,0
201,'5266',821,,876,1,0,38 39,0,279,,877,1,0,32,0,100,,878,1,0,32,0,205,,879,1,0,32,0,20,,880,1,0,32,0,20,,879,34,4,,0,155,,882,1,0,32,0,300,,883,1,0,32,0,34,,883,32,4,,0
201,'5268',1535,,884,1,0,32,0,105,,885,1,0,32,0,100,,886,1,0,32,0,210,,887,1,0,32,0,155,,888,1,0,32,0
301,'4480',858,,158,19,4,,0
301,'4663',1638,,898,19,4,,0,100,,899,19,4,,0
301,'5264',819,,154,19,4,,0,239,,160,19,4,,0,100,,161,19,4,,0,395,,166,19,4,,0,85,,185,19,4,,0,67,,167,19,4,,0,33,,186,19,4,,0,95,,165,19,4,,0
301,'5266',819,,905,19,4,,0,239,,908,19,4,,0,100,,909,19,4,,0,395,,912,19,4,,0,152,,913,19,4,,0,128,,911,19,4,,0
301,'5268',1638,,916,19,4,,0,100,,917,19,4,,0
400,'4332',1518,,922,5,4,,0
400,'4480',1258,,212,5,4,,0
400,'5264',1423,,213,5,4,,0
400,'5266',1423,,924,5,4,,0
401,'4332',1402,,926,1,,,0
401,'4480',1108,,221,1,,,0
401,'5264',1320,,222,1,,,0,125,,223,1,,,0
401,'5266',1320,,927,1,,,0,125,,928,1,,,0
1000,'4332',1023,,929,1,,,0,497,,930,1,,,0,327,,931,1,,,0
1000,'4480',1341,,232,1,,,0,697,,234,1,,,0
1000,'5264',843,,230,1,,,0,767,,231,1,,,0,233,,233,1,,,0
1000,'5265',1203,,240,1,,,0
1000,'5266',843,,932,1,,,0,767,,933,1,,,0,233,,934,1,,,0
1000,'5267',1203,,935,1,,,0
1000,'5270',1203,,936,1,,,0
1001,'4332',1222,,938,46,4,,0,815,,939,46,4,,0
1001,'4480',1541,,252,46,4,,0,317,,250,46,4,,0
1001,'5264',2036,,253,46,4,,0
1001,'5266',2036,,944,46,4,,0
1401,'4480',836,,265,10,4,,0
1401,'4674',1835,,270,10,4,,0
1401,'4676',1835,,272,10,4,,0
1401,'5265',1159,,269,10,4,,0
1401,'5267',1159,,948,10,4,,0
1401,'5270',1159,,949,10,4,,0
1500,'4674',1702,,279,6,4,,0
2000,'4332',805,,952,50,4,,0,506,,285,50,4,,0,645,,283,42,4,,0
2000,'4480',1849,,290,41,4,,0
2001,'4332',523,,959,1,,,0,492,,306,1,,,0,490,,307,1,,,0
2001,'4480',450,,309,1,,,0,260,,310,1,,,0,848,,312,1,,,0
2001,'5264',1030,,311,1,,,0,700,,313,1,,,0
2001,'5265',625,,319,1,0,24 25,0,120,,320,1,0,24 25,0
2001,'5266',1030,,960,1,,,0,700,,961,1,,,0
2001,'5267',625,,962,1,0,24 25,0,120,,963,1,0,24 25,0
2001,'5270',625,,964,1,0,24 25,0,120,,965,1,0,24 25,0
7200,'5267',845,,982,6,4,,0,575,,981,6,4,,0,420,,983,4,4,,0
7400,'5269',1614,,987,4,,,0
7600,'5271',1006,,989,2,,,0
9900,'4332',1402,,994,26,4,,0,439,,995,26,4,,0
9900,'4480',820,,753,26,4,,0,830,,757,26,4,,0
9901,'4332',847,,1000,1,,,0,383,,1001,1,,,0,475,,1002,1,,,0
9901,'4480',650,,772,1,,,0,154,,773,1,,,0,140,,774,1,,,0,566,,776,1,,,0
9901,'5264',600,,771,1,,,0,605,,775,1,,,0,414,,777,1,,,0,88,,778,1,,,0
9901,'5266',600,,1003,1,,,0,605,,1004,1,,,0,414,,1005,1,,,0,88,,1006,1,,,0
18000201,'5264',1516,,787,1,0,32 2 33 34,0
18000201,'5266',1516,,1007,1,0,32 2 33 34,0
24001000,'4332',710,,1008,1,,,0
24001000,'4480',1705,,791,1,,,0
24001000,'5264',612,,790,1,,,0,105,,792,1,,,0
24001000,'5266',612,,1009,1,,,0,105,,1010,1,,,0
24001001,'4332',1700,,1011,32,4,,0
24001001,'4480',2212,,797,32,4,,0
