1000,'4332',1052,,929,27,,,0,500,,930,27,,,0,365,,931,27,,,0
1000,'4480',1412,,232,27,,,0,695,,234,27,,,0
1000,'5264',912,,230,27,,,0,729,,231,27,,,0,271,,233,27,,,0
1000,'5265',1232,,240,27,,,0
1000,'5266',912,,932,27,,,0,729,,933,27,,,0,271,,934,27,,,0
1000,'5267',1232,,935,27,,,0
1000,'5270',1232,,936,27,,,0
7600,'5271',1027,,989,19,,,0
24001000,'4332',725,,1008,15,,,0
24001000,'4480',1734,,791,22,,,0
24001000,'5264',627,,790,15,,,0,105,,792,15,,,0
24001000,'5266',627,,1009,15,,,0,105,,1010,15,,,0
