1001,'4614',718,,1307,27,,,0,105,,1311,27,,,0,186,,1308,27,,,0,504,,1312,27,,,0,231,,1309,27,,,0,89,,1310,27,,,0,179,,1313,27,,,0
1001,'5087',1513,,1315,27,,,0,231,,1314,27,,,0,268,,1316,27,,,0
1001,'5274',1333,,1317,27,,,0
1001,'5276',1333,,1318,27,,,0
1001,'5284',818,,1319,27,,,0,337,,1320,27,,,0,858,,1321,27,,,0
1001,'5291',1333,,1322,27,,,0
1001,'5295',1333,,1323,27,,,0
1001,'5403',718,,1324,27,,,0,105,,1327,27,,,0,186,,1325,27,,,0,824,,1326,27,,,0
1001,'5404',718,,1328,27,,,0,105,,1331,27,,,0,186,,1329,27,,,0,824,,1330,27,,,0
7601,'5281',927,,1761,26,,,0
7601,'5294',927,,1767,26,,,0
24001001,'4614',2159,,1880,21,,,0
24001001,'5087',2159,,1881,21,,,0
24001001,'5284',1649,,1882,21,,,0
