4101,'4614',744,,1508,2,,,0,92,,1510,2,,,0,384,,1511,2,,,0,215,,1509,2,,,0,166,,1512,2,,,0,143,,1513,2,,,0
4101,'5087',744,,1514,2,,,0,92,,1516,2,,,0,384,,1517,2,,,0,215,,1515,2,,,0,166,,1518,2,,,0,143,,1519,2,,,0
4101,'5284',851,,1522,2,,,0,387,,1520,2,,,0,388,,1521,2,,,0
4300,'4614',731,,1535,2,0,17 1 18,0,123,,1538,2,0,17 1 18,0,97,,1534,2,,,0,153,,1539,2,0,17 1 18,0,104,,1536,2,,,0,140,,1540,2,,,0,53,,1544,2,0,17 1 18,0,103,,1543,2,,,0,35,,1541,2,,,0,179,,1537,2,,,0,124,,1542,2,,,0
4300,'4619',2122,,1545,2,,,0
4300,'4623',2122,,1546,2,,,0
4300,'5087',731,,1548,2,0,17 1 18,0,123,,1551,2,0,17 1 18,0,97,,1547,2,,,0,153,,1552,2,0,17 1 18,0,104,,1549,2,,,0,140,,1553,2,,,0,53,,1557,2,0,17 1 18,0,111,,1556,2,,,0,27,,1554,2,,,0,179,,1550,2,,,0,124,,1555,2,,,0
4300,'5284',851,,1564,2,,,0,201,,1558,2,,,0,203,,1559,2,0,17 1 18,0,149,,1560,2,,,0,142,,1561,2,,,0,167,,1562,2,,,0,128,,1563,2,,,0
4401,'4614',701,,1594,2,0,21,0,30,,1605,2,0,21,0,79,,1596,2,0,21,0,146,,1597,2,0,22 23 16,0,162,,1598,2,0,21,0,86,,1604,2,0,22 23 16,0,152,,1595,2,0,21,0,148,,1601,2,0,21,0,151,,1599,2,0,22 23 16,0,58,,1600,2,0,21,0,88,,1603,2,0,21,0
4401,'4619',1956,,1606,2,0,22 23 16,0
4401,'4623',1956,,1607,2,0,22 23 16,0
4401,'5087',701,,1608,2,0,21,0,30,,1619,2,0,21,0,79,,1610,2,0,21,0,146,,1611,2,0,22 23 16,0,162,,1612,2,0,21,0,86,,1618,2,0,22 23 16,0,152,,1609,2,0,21,0,148,,1615,2,0,21,0,151,,1613,2,0,22 23 16,0,58,,1614,2,0,21,0,88,,1617,2,0,21,0
4401,'5284',823,,1622,2,0,21,0,196,,1624,2,0,21,0,139,,1623,2,0,21,0,360,,1620,2,0,21,0,127,,1621,2,0,21,0
4500,'4614',557,,1626,2,,,0,75,,1628,2,,,0,876,,1625,2,,,0
4500,'5087',557,,1630,2,,,0,75,,1632,2,,,0,876,,1629,2,,,0
4600,'4614',821,,1638,20,,,0
4601,'4614',551,,1665,2,,,0,178,,1666,2,,,0,112,,1660,2,,,0,109,,1667,2,,,0,151,,1669,2,,,0,135,,1668,2,,,0,117,,1661,2,,,0,75,,1664,2,,,0,111,,1662,2,,,0,173,,1663,2,,,0,144,,1670,2,,,0
4601,'4619',2022,,1671,2,,,0
4601,'4623',2022,,1672,2,,,0
4601,'5087',551,,1678,2,,,0,178,,1679,2,,,0,112,,1673,2,,,0,109,,1680,2,,,0,151,,1682,2,,,0,135,,1681,2,,,0,117,,1674,2,,,0,75,,1677,2,,,0,111,,1675,2,,,0,173,,1676,2,,,0,144,,1683,2,,,0
4601,'5284',748,,1688,2,,,0,300,,1687,2,,,0,356,,1684,2,,,0,155,,1685,2,,,0,282,,1686,2,,,0
9800,'4614',606,,1778,2,,,0,46,,1774,2,,,0,157,,1777,2,,,0,141,,1775,2,,,0,256,,1772,2,0,7 8 2 9 2 10,0,303,,1773,2,0,7 8 2 9 2 10,0,108,,1776,2,0,7 8 2 9 2 10,0,93,,1771,2,,,0
9800,'4619',1833,,1779,2,,,0
9800,'4623',1833,,1780,2,,,0
9800,'5087',606,,1788,2,,,0,46,,1784,2,,,0,157,,1787,2,,,0,141,,1785,2,,,0,256,,1782,2,0,7 8 2 9 2 10,0,303,,1783,2,0,7 8 2 9 2 10,0,108,,1786,2,0,7 8 2 9 2 10,0,93,,1781,2,,,0
9800,'5284',850,,1791,2,,,0,384,,1789,2,,,0,478,,1790,2,,,0
9801,'4614',823,,1793,25,,,0
9801,'5087',823,,1806,25,,,0
24004300,'4614',523,,1886,2,,,0,95,,1884,2,,,0,33,,1883,2,,,0,171,,1885,2,,,0
24004300,'5087',523,,1890,2,,,0,95,,1888,2,,,0,33,,1887,2,,,0,171,,1889,2,,,0
24004300,'5284',724,,1891,2,,,0
