201,'4332',812,,87,2,0,32,0,110,,78,2,0,32,0,110,,79,2,0,32,0,120,,80,2,0,32,0,153,,81,2,0,32,0,120,,82,2,0,32,0,197,,83,2,0,32,0,110,,84,2,0,32,0,80,,85,2,0,32,0,115,,86,2,0,32,0
201,'4480',621,,91,2,0,32,0,26,,92,2,0,32,0,154,,90,2,0,32,0,26,,88,2,0,32,0,75,,93,2,0,32,0,30,,94,2,0,32,0,100,,95,2,0,32,0,70,,96,2,0,32,0,100,,97,2,0,32,0,100,,98,2,0,32,0,105,,99,2,0,32,0,20,,100,2,0,32,0,175,,102,2,0,32,0,300,,103,2,0,32,0
201,'4661',1537,,118,2,0,32,0,105,,119,2,0,32,0,100,,120,2,0,32,0,209,,121,2,0,32,0,155,,122,2,0,32,0
201,'4663',1537,,125,2,0,32,0,105,,126,2,0,32,0,100,,127,2,0,32,0,209,,128,2,0,32,0,155,,129,2,0,32,0,115,,130,2,0,32,0
201,'4674',1709,,123,2,0,32,0
201,'4676',1709,,124,2,0,32,0
401,'4332',1404,,220,2,,,0
401,'4480',1110,,221,2,,,0,212,,222,2,,,0,125,,223,2,,,0
1000,'4332',1025,,227,2,,,0,497,,228,2,,,0,327,,229,2,,,0
1000,'4480',845,,230,2,,,0,498,,232,2,,,0,269,,231,2,,,0,233,,233,2,,,0,195,,234,2,,,0
1000,'4674',1205,,240,2,,,0
1000,'4676',1205,,241,2,,,0
7200,'4676',847,,672,7,4,,0,575,,671,7,4,,0,420,,673,5,4,,0
7401,'4677',1016,,685,45,4,,0
7600,'4682',1008,,691,3,,,0
18000201,'4480',1517,,787,2,0,32 2 33 34,0
24001000,'4332',710,,789,2,,,0
24001000,'4480',612,,790,2,,,0,105,,792,2,,,0,990,,791,2,,,0
