2001,'4614',457,,1367,6,,,0,260,,1368,6,,,0,319,,1369,6,,,0,573,,1370,6,,,0,127,,1371,6,,,0
2001,'5087',457,,1372,6,,,0,260,,1373,6,,,0,892,,1374,6,,,0,127,,1375,6,,,0
2001,'5274',742,,1376,6,0,24 25,0
2001,'5276',742,,1377,6,0,24 25,0
2001,'5284',530,,1380,6,,,0,492,,1381,6,,,0,490,,1378,6,,,0
2001,'5291',742,,1382,6,0,24 25,0
2001,'5295',742,,1383,6,0,24 25,0
2001,'5403',1036,,1384,6,,,0
2001,'5404',1036,,1385,6,,,0
7400,'5278',1621,,1743,9,,,0
7400,'5292',1621,,1744,9,,,0
9901,'4614',607,,1844,6,,,0,51,,1845,6,,,0,154,,1846,6,,,0,141,,1847,6,,,0,259,,1848,6,,,0,310,,1849,6,,,0,105,,1850,6,,,0,88,,1851,6,,,0
9901,'5087',812,,1852,6,,,0,141,,1853,6,,,0,674,,1854,6,,,0
9901,'5284',855,,1855,6,,,0,383,,1856,6,,,0,475,,1857,6,,,0
9901,'5403',607,,1858,6,,,0,51,,1859,6,,,0,554,,1860,6,,,0,310,,1861,6,,,0,193,,1862,6,,,0
9901,'5404',607,,1863,6,,,0,51,,1864,6,,,0,554,,1865,6,,,0,310,,1866,6,,,0,193,,1867,6,,,0
