1001,'4614',715,,1307,24,,,0,105,,1311,24,,,0,186,,1308,24,,,0,504,,1312,24,,,0,231,,1309,24,,,0,89,,1310,24,,,0,180,,1313,24,,,0
1001,'5087',1510,,1315,24,,,0,231,,1314,24,,,0,269,,1316,24,,,0
1001,'5274',1330,,1317,24,,,0
1001,'5276',1330,,1318,24,,,0
1001,'5284',815,,1319,24,,,0,337,,1320,24,,,0,858,,1321,24,,,0
1001,'5291',1330,,1322,24,,,0
1001,'5295',1330,,1323,24,,,0
1001,'5403',715,,1324,24,,,0,105,,1327,24,,,0,186,,1325,24,,,0,824,,1326,24,,,0
1001,'5404',715,,1328,24,,,0,105,,1331,24,,,0,186,,1329,24,,,0,824,,1330,24,,,0
7601,'5281',925,,1761,23,,,0
7601,'5294',925,,1767,23,,,0
24001001,'4614',2157,,1880,18,,,0
24001001,'5087',2157,,1881,18,,,0
24001001,'5284',1646,,1882,18,,,0
